80.3022, 1.20609, 1.17816, -3.41442
79.4073, 1.12209, 0.38726, -2.65676
84.1925, 2.27712, 7.55235, 4.20714
71.8651, 0.478608, -1.39797, 0.322219
84.4028, 1.73725, -6.56814, 2.63415
79.9044, 2.15154, -1.55525, -5.18072
84.1002, 2.32322, 0.156056, 2.80859
82.381, 1.72997, 0.966382, -3.74707
80.8857, 0.953802, 1.02041, -2.93595
75.9118, 0.854754, 1.44911, -2.57585
81.7123, 2.09808, 0.205982, 3.28595
79.9287, 1.3891, 1.05214, -4.41893
73.2939, 1.6446, -6.18195, 7.63844
81.7402, 2.72054, 1.34283, -7.93779
85.1109, 1.925, -1.41532, 0.960479
80.1202, 1.69185, -0.182761, -4.58038
72.3917, 2.47257, 4.34038, 8.40992
84.6813, 1.99383, 0.765449, 3.1146
75.7697, 0.758756, -3.09086, 3.06927
77.3161, 0.984552, -0.236547, -1.52893
74.2821, 1.80885, -1.94202, 9.73127
75.1151, 1.53738, -6.62125, 6.7961
76.5403, 2.45964, -7.04937, -9.307
84.0413, 2.20563, 0.814742, -4.84262
77.4339, 0.844352, 1.01831, 1.3169
85.4135, 0.796551, -3.8855, -0.668561
84.6142, 1.31267, 0.438501, -1.27173
78.0753, 0.638088, -4.79264, -2.26388
80.3452, 1.58342, 1.29401, 4.29671
81.3825, 0.616356, -1.39428, -2.23107
84.8993, 2.15971, -1.1884, 3.05329
84.6891, 1.79183, -5.46356, -2.7993
79.6817, 0.935705, 1.34042, -2.43995
76.6172, 1.23834, 0.620368, 0.985781
79.4943, 1.74744, -4.11839, -5.42113
74.6247, 1.88298, 1.45405, 8.33044
83.3977, 1.48046, -6.58714, -2.68983
81.6054, 1.19011, 0.978658, -2.77927
83.7953, 1.74784, -0.35413, 3.4674
73.0076, 1.47286, 0.65419, -7.07122
84.1, 1.2762, 0.380604, 1.77301
82.3653, 1.48532, 0.112283, 1.53959
82.8253, 2.25762, 1.00307, 4.6828
77.3917, 2.56233, -3.82212, -5.09061
82.1428, 0.478307, -0.229519, 0.188547
79.6804, 2.53036, 2.25963, -9.36502
84.9561, 1.73416, 0.498744, 2.09756
78.591, 1.51169, 1.45727, 4.00702
80.2767, 0.288916, 0.115646, -1.94245
79.1586, 2.87359, 0.055768, 8.9298
75.7774, 0.585343, 0.786825, -1.86998
83.3749, 2.062, 1.17729, -4.35288
79.9075, 1.34348, -6.27972, 4.14261
82.3603, 0.911469, -5.77452, 2.0154
81.8207, 0.507788, -0.600408, -0.447293
76.099, 0.680932, -5.1571, -3.08368
82.1206, 0.993935, 0.315101, -2.35325
72.4116, 0.745718, -3.63892, 1.72156
75.9417, 0.413909, -0.32226, -0.438405
79.316, 0.50752, -4.79836, 0.306904
78.6892, 1.1083, 1.04529, -3.45916
83.2444, 3.07114, -0.58099, -6.78546
72.2816, 1.28271, -0.863753, -7.31774
75.8729, 1.19765, 1.90935, -4.94033
80.1195, 0.69693, -0.151948, -1.90316
81.0368, 0.96937, 1.12156, -2.52689
75.7252, 2.02047, -3.42552, -7.449
85.459, 2.2038, -3.24026, 1.93644
78.0548, 0.977899, 8.94489, 0.676625
79.3663, 2.04074, -2.42701, 5.23621
72.5567, 1.69723, -1.64679, -9.38076
79.6416, 1.53151, -9.34641, -5.29107
84.5041, 1.32782, -2.48916, 1.78861
74.3315, 0.368427, 1.22051, 1.37131
83.1785, 1.04173, -6.67446, 1.69245
75.3086, 2.27768, -6.02446, 9.96766
81.3152, 1.38818, -1.36586, -4.11739
85.4978, 0.472745, 0.240759, -0.0900257
71.4216, 0.480372, -4.62505, 0.315998
81.8693, 0.914196, 1.08592, 2.726
69.6161, 0.729032, -4.65021, -3.42218
73.1173, 1.90048, -2.38335, -8.96921
85.3574, 2.86558, 0.838792, 4.36812
81.7182, 0.427321, 5.01564, -0.188868
84.0365, 0.340114, -0.502113, -0.345062
71.4053, 0.849942, -1.49057, 5.46852
79.7017, 0.891559, 6.39247, 1.99368
80.8867, 2.5697, 0.0793327, -8.63154
75.4767, 0.838795, 0.0658433, -3.16742
77.0079, 2.33155, 1.57543, -9.52966
79.9193, 1.85144, -6.07259, 5.72896
79.791, 0.694246, 0.369598, -1.95664
73.1909, 0.81379, -5.53869, -3.70684
83.4092, 2.03004, 0.751732, 3.84574
83.937, 3.52093, 0.88329, 7.95148
86.5706, 2.13555, -5.64035, -2.2411
74.2641, 1.66437, -7.82693, -6.78604
83.4803, 2.43956, -0.910795, -5.44936
72.7278, 1.73916, -0.580086, 8.17567
84.7867, 2.53009, -2.42045, 4.41179
84.7861, 2.7287, 0.115293, 4.77193
81.3809, 1.12168, -5.18222, 1.21267
83.9312, 3.24881, 0.432305, 7.13752
80.7833, 2.15766, 0.0636472, 5.80675
84.6667, 1.54548, -0.0889595, 1.47013
83.135, 0.681101, -2.65862, 1.3218
72.4978, 0.660699, -3.42648, 3.18606
71.0152, 1.52349, -2.68856, -9.46261
81.0326, 1.25977, 1.15729, 3.12384
78.5615, 1.59872, 6.48432, -5.68419
82.3298, 1.27973, 0.480799, 1.31025
72.4889, 1.58737, -0.186509, -8.83803
83.0933, 1.86738, 11.5404, 3.93327
82.9885, 0.882018, 0.766082, -1.4191
75.7555, 0.95532, -1.82572, -1.6769
78.9841, 1.86687, -0.567322, 6.70802
80.9303, 0.462941, 0.75023, 0.714751
85.4049, 2.21789, 0.1578, -2.90159
78.0597, 1.11186, -10.0861, 3.2575
74.0962, 0.697582, -4.37282, -3.52921
77.1278, 0.65992, -0.50722, 0.950445
81.6977, 3.433, 0.729827, 9.93626
79.0481, 2.14448, -0.102042, 7.43069
82.3325, 3.24309, -5.05391, -9.51928
77.6154, 0.216022, 1.11606, 0.752545
79.7221, 0.749147, -6.20336, 1.75804
83.5289, 0.705438, -8.51865, 0.855531
79.7325, 0.751792, -3.54608, 1.7992
84.5516, 2.1549, -5.27903, 3.68036
82.8888, 1.7285, 0.98984, -4.07712
81.2632, 0.570405, -5.71264, 0.288242
81.1323, 3.21715, -0.179045, 9.52561
84.572, 2.99171, 1.00305, -6.50827
82.0725, 3.01686, 1.29212, 7.6196
70.8935, 1.68402, -0.930142, 9.1403
77.7826, 1.89433, -5.63185, -6.06699
80.9743, 3.20869, 0.00655299, 9.34871
83.0502, 2.26403, 0.772977, -4.62115
74.9291, 2.03951, 11.7321, -5.10302
83.0322, 2.3651, 1.10915, -5.30697
81.195, 1.17625, -7.11079, -3.02917
84.5117, 2.70587, -0.185448, -3.77144
82.0517, 1.14672, 0.870436, 2.50841
85.7303, 0.525989, -3.49929, -0.0974462
84.0456, 3.10478, 1.0925, 6.80682
77.4578, 0.873175, 0.918186, -3.71001
79.3584, 0.315475, 0.786336, -0.81175
77.2673, 0.249874, 0.638218, 1.07382
