74.788793718992707, 2.5939808896986052, -4.9401675992385885e-05, 5.6856042401726857e-05
84.478216147151272, 8.5316022110851701, 0.00020760363952377148, 8.0153611874249025e-05
84.546772025664239, 7.633577989251684, -0.00022051360621439932, 6.4714520790332507e-05
85.370264620563475, 1.0290739907704392, -0.00021771887553702127, -0.0001541752864687902
81.115672538123718, 4.083646587233174, -4.4583356565963784e-05, 0.00010452088509209473
79.086876372565612, 7.6636054837497349, -0.00022732487993493489, -2.7358002203212244e-05
86.129678901094863, 16.25930924387567, -0.00017746781768114564, -0.00032528605412018255
84.405407135119759, 0.49199740096656169, 3.2700398529919577e-05, -0.00022989729604798407
89.280204873474943, 6.4565524814957049, 0.00013304476362645492, -0.00025769011983389957
88.143544432927186, 3.9337334007908797, -2.4080398995686184e-05, 0.00027693200773759997
86.938204876236057, 7.7276687225965563, 8.3778770088263767e-06, 6.2590928541052297e-05
80.510937116554075, 5.670545341259194, 4.9129016723646966e-05, -0.00021646142089069262
83.040767426211403, 2.3298418319933512, 3.0458159935960311e-05, -0.00021843582917729993
83.177616015303144, 16.665809347225927, -0.00040830821444021897, 0.00032289371423749162
76.201088956816321, 13.390855433901676, -0.00048731652568418158, 0.00025178607254694154
83.622243087083987, 5.6210860819438242, 0.00014604981272345612, -5.4921541562699442e-05
86.279127419325249, 9.2438354112687708, -0.00013180496384391537, -0.0004157651894425772
79.091833934674128, 9.7366252844410397, 0.00021616070101442803, 0.00013964857845536239
70.932571905443396, 29.806577217314736, 0.00014324461277679908, 0.00027482733690609845
85.485453243071902, 4.9526432592146747, -8.7320162094324207e-05, 2.2250013916430144e-05
87.334951861850243, 11.336205040194297, -0.00022969609720984341, 0.00013171098594979872
82.848835869979382, 9.4418167733387506, 0.00024222924181625008, -0.00019591616410161467
76.504660581794951, 9.2554139358513137, 0.00013779138195398754, 0.00010078454723785158
77.321154285539563, 7.6675724814669159, 0.00025896977777642259, -0.00016031906569655423
85.2527504988619, 5.9737941081473585, 1.6312423033183444e-05, -0.00024648530946143159
84.578407632052034, 10.185453499841374, 3.5038816131610093e-05, -0.00038829975698894911
75.797942394296015, 3.6059637922350163, 1.2329815643775285e-05, 0.00010197325688169215
75.778657358154618, 11.825722491960748, 0.0002406400997544534, -0.00019756384880783467
78.934319284143882, 9.7526825973122246, 0.000296259863961708, -0.00030628623107102404
79.734218076890883, 8.914796152040573, -2.1296610943416917e-05, -0.00037788209577834729
89.209530657240293, 4.5577238646086213, 2.8500238905268793e-05, 0.00015469271299862569
82.129797349638636, 4.4037924929185523, 1.5702607024958653e-05, -8.8834001666196193e-06
73.79140842950315, 14.404106843035523, -6.6427839038588437e-05, -0.00051182148551150587
86.880962104308608, 2.6866049898707676, 6.5283025356773096e-05, 0.00012253064768273978
76.192734732290333, 4.883077629641968, 0.00026954139436141645, -0.00018073140330051977
83.314564667358596, 5.5104332442714803, 0.0001153907686677613, 0.00033841925973472338
87.486257952261383, 7.7064804854890605, 0.00016203798303558969, 0.00051977636689366032
89.016491056472702, 6.3902190463153552, 0.00017772355654302645, -7.6101551002591598e-05
82.99351094700863, 6.0509458394263183, 0.00018427284920105198, -1.3990950302911959e-05
87.788738816990431, 4.2115608999280782, 0.00017715181647282895, 2.7222543323451023e-05
85.606976081689908, 2.3230442778823401, -4.2780125122134496e-05, -0.00015714641117910421
78.933190362367242, 8.3224863288580835, 0.00028635351910173554, 0.00035743936382991821
89.486455591319086, 5.1997087509368738, 0.00014090028978653489, -4.7107397951926784e-05
84.563573616094914, 6.4511914721825079, 0.00015359949240596873, 0.00015804037569589312
84.431939221828756, 3.716387948937169, 6.9962032361650176e-05, 0.00011505929373024618
81.593697403312376, 6.7347587284472352, -0.0002859269168461952, -3.8070578154022673e-06
78.041822830819825, 5.9396922705002115, 0.00046664018230972183, -0.0002417797111757254
88.006006830804864, 8.6561494576979126, 0.00028846272185896601, 2.5784527366560448e-05
79.410380891716798, 4.9411368243807665, 6.1487875824346196e-05, 0.00020031638014067658
82.858231200459002, 9.1699327875643473, 0.00013008321485076665, -4.0987501373191708e-05
80.372076871282118, 2.6026919144583123, -0.00015779448263173381, 3.6943713707387774e-05
85.795155948899577, 9.1572754374617791, 0.00015104089330037884, -0.00025758294805612781
89.532424009213258, 7.2771084935976305, 0.00018714040760544668, 0.00020196594690662637
87.868365621315519, 5.3782028905112353, -2.0231854123993243e-07, -8.3751895702579765e-05
76.70292106993432, 1.4559781942459324, 0.00027460481167947793, 5.7324683311346296e-05
82.778928035753154, 7.180230443503822, 0.000262329386477747, -2.9500506875980095e-05
79.193860100337503, 9.5590520928209433, 1.5973633702463816e-05, -0.00014172495363162869
89.306879834566502, 5.1272603155798526, 0.00018562619543737252, 8.3226537753139617e-05
84.240161279855499, 7.9978720965717418, 0.0001205058533064733, 0.0003988706782278091
80.767042648408392, 4.6642568266400719, 0.00025621156285344203, -0.00016177673205568783
87.590250739644077, 7.0075589887335479, -0.00020595135487423802, -0.00014592919290328435
81.459496781100441, 8.6209436732691422, 0.00021122442741503743, -8.685387206645078e-05
76.940774461024745, 4.9059774884870633, -9.269763517590292e-05, 3.6835507874920283e-05
85.864966744932872, 11.24766123162722, -0.00033819946164079706, -0.00019386509801021996
77.052629214775223, 16.568920169682038, -0.00069667650654665284, 9.2147458661039403e-05
74.778688738259817, 20.929607633827711, -0.00050959096691196573, -0.00023338484135171266
89.502085741333161, 4.0474061702335735, 0.000161743886984507, 7.9852878240049051e-05
79.990300841310983, 2.1060922100289363, 0.00013880891386662802, 5.362195237518013e-05
84.917208038976852, 1.9154551135958222, 0.00020635477752603765, 2.1360757461329115e-05
84.878705625374948, 3.1875803304684349, 5.2891220753526989e-05, 7.1602054209080296e-05
89.235690476544761, 3.1746839425080622, -0.00010361980549351179, 0.00010334271257768815
85.00217007799229, 10.410927164923089, -0.00030823754744065585, -0.00059496895005103391
84.308909750778909, 5.7972181245180545, -3.0535880756698929e-05, 0.00023668025339006044
74.734056370347105, 10.039972750829099, -0.00047047551517964676, -0.00052135424636354536
87.415809281918854, 3.0068677642788422, -1.4877094853664804e-06, -0.00010394426777918552
81.003881638973539, 8.0537726584728837, -5.0727261495658247e-05, 0.00020496000522907343
80.926635153183128, 9.1036807624494624, -0.00026837964711124416, 5.2043607241625496e-05
80.337651261344618, 5.7647340928598565, -9.2115003906639126e-05, -0.00026917634522301135
81.064426697261055, 10.772257433387422, 0.00021112754928666701, -0.00014401536414704693
85.899133438702734, 1.2716196157473494, 1.7650217239947892e-05, -0.00017410209363075821
87.139012275598915, 3.8302322602134882, 0.00019662003858160172, 0.00022282787484250463
80.136329824858962, 7.8764651832808017, 0.00017567199518454354, 6.8616441698127653e-05
80.864814693212736, 0.86114703818235538, -2.43275787395521e-05, -7.0684451954874324e-06
86.786243228959648, 3.6514659976230237, -0.00032815608836750507, -0.00025300101800107176
84.129156755574826, 5.8706657393979462, 9.8466981585754724e-05, 0.00020527914967271056
80.407510278717353, 10.981175044331007, -1.7028232924089152e-05, -0.00012259936743011976
84.856621659821556, 1.1174000572377649, -9.0873692883227243e-05, -0.00013125817440907833
80.815911277581733, 9.2338974050263225, -0.00016098240715353742, -0.00021791282705940055
80.213357275000917, 5.1669151929003903, -0.00011415834114121211, 1.2343002651671534e-05
75.904590148804019, 11.563658301175899, 5.7106010312306908e-05, 9.1796355693022724e-05
78.200063666307358, 4.6587605796069074, 3.8586380928044024e-05, -6.7606261016124733e-05
79.586810757168308, 2.8646272331483207, -0.00022467921884476494, 5.3054647366290217e-05
80.459298458637377, 6.727704458228466, 8.3274651149707165e-06, -9.1304386861125903e-05
82.296556387835665, 3.7181039779304967, 4.2534176262549074e-05, -9.8940279044434882e-05
80.579988550566554, 3.8038712276481594, 0.00010483541381478129, 1.0953424047877001e-05
86.644464514982403, 2.4463642547954523, -5.7040307255241868e-05, -3.2329044359947968e-05
81.438848348757148, 1.7429591512987055, -2.460699005123381e-05, -0.00012233781419221653
86.883463886181246, 4.6627579531261505, -1.6522482309281294e-06, 0.00017903065055853993
91.06432977606886, 7.0244691501413863, 1.6061336608760567e-05, -0.00018730619419866703
90.151650168225757, 3.8087702709756353, -4.9572316587522364e-06, 9.3647091729484895e-05
85.15733771875783, 1.1582766552862478, 0.00013304831885199855, -1.1075461716966175e-06
81.828517224549486, 2.9499736080961778, -7.5703889021760739e-05, 2.1152105081650484e-05
77.056233978891626, 1.3690568325912877, -9.4430964614098547e-05, -0.0002032465676334856
88.483350574400561, 3.9826569477603653, -0.00012127840333443566, 0.00014520488624816851
75.187526488439232, 7.1677698536148213, 0.00026879497271296935, 0.00025397523765047269
89.639123167722516, 1.6924648172910481, 0.00013172384285267016, 8.763387579793971e-05
87.255785575300337, 4.8494050753344018, 0.00015067897346673385, -3.1078518365514151e-05
84.007187229592276, 11.396658616231104, -0.00042342562788778593, 4.7712239459067348e-05
74.492235758355335, 4.5967448861100699, -0.00030527917059093899, 0.00011650370951039928
86.431543027485816, 4.3787772082588976, -4.7725659332313316e-05, -5.7515519176827832e-05
90.348867026739001, 9.7977115531800631, 0.00025469513700281088, 0.00011313006658755682
86.017097967573363, 7.9660720378130909, 3.4456471706107426e-05, 0.00011144011793418528
75.304570218669127, 18.798352065606643, -0.00035238305971017523, -0.00011615859340633902
73.633291941603275, 14.473261784174634, 0.00024515383916351105, -1.4701273427987876e-05
80.625624340233742, 2.7652194917252051, 0.00020400102102749031, -0.00011866684095135798
80.825541348119316, 2.987493485450897, -6.347484695679457e-05, 0.00011905393515483456
79.417651298812103, 6.4488229225459293, -0.00013726780498513687, -0.00013025781021140512
85.213353949165139, 11.095390378456297, -0.00020090965713627493, -0.00025851880946122717
85.864309216567875, 7.2572779372843215, -4.3219308328481305e-05, 0.00017471858839278803
75.194433358559493, 8.9344810785402551, -5.6352159238476922e-05, 8.0428959130051067e-05
78.435405186278103, 4.1417872474535695, -8.3765676689366781e-05, 4.0291495140187956e-05
80.092122597837204, 7.4450538055285174, 9.4080663341995259e-05, -0.0003281002802314091
79.03337739832952, 4.3239927749210292, 6.5514776397127968e-05, -0.00019454371598550123
80.30883573982905, 5.8646044779382969, -2.6607736821641547e-05, 0.00019702942049011485
86.194534116131265, 3.9749194084039052, -6.7465198752603519e-05, -0.00015149649006369046
82.262617496103189, 0.46009251719319699, 1.6360749966824363e-05, 7.675880093660095e-05
83.525275212189996, 7.3141006449820729, -0.000225049175635617, 3.2820539678198215e-05
85.058642485841844, 5.5197805977057, -0.00024038271325566325, 4.6116962671762601e-05
83.574739947762254, 5.209272408090011, 2.0308722180930328e-05, -0.00023102020275519506
76.606815497862698, 9.4434957053490702, -9.8692052561999698e-05, -0.00014591848585070294
80.946213841766024, 14.500563351622137, -9.4839213791778231e-05, 0.00052959167561288003
85.612540804894508, 5.9041265158211678, 0.00015988216120101713, 0.00016196855897675745
83.157366285958631, 6.1256760367570058, -0.00026722228284280979, 1.3119569404713691e-05
84.807445963774114, 3.8810399098194241, 0.00021871473071418516, 0.00010513413731751858
85.51452447469805, 6.5244829049489326, -0.0003612885305801327, 0.00013005253357255121
83.094267288868537, 7.8508379125526666, 0.00033811459222077826, -0.00023596604088554264
81.235805347488778, 2.0127151609842007, 0.00019672335955936424, 0.00013192127093589285
79.15713705511709, 2.2795234112629985, -6.6493787314607161e-05, 0.00010883056262979653
88.996989993984457, 7.7077265203846208, -0.00019921021651105674, -0.00015106195949203649
90.182400638814372, 4.2352622328454066, 0.00010135319064643705, -2.234309120640088e-05
74.056651584807028, 7.6357401968429253, -0.00019212857859885558, -0.00012880960808054563
74.982958460153128, 6.3610554349760129, 8.4032586554620261e-05, 0.00016798471045688051
86.303557540052068, 7.8780449824825078, 0.00014695166969178961, -0.0002240127841821862
76.02857785601698, 4.6434121467943985, 0.00015912878513075804, 9.4333120189972917e-05
77.172437594960854, 4.4734646101071531, 0.00018744102042669196, -0.00012380013265768155
76.091196175270142, 14.312143682394948, -0.00031036870221052431, -0.00035739884518439777
75.10719508709424, 10.919433508294366, -0.00022078731368654808, -0.00014528633441936059
87.329851595437134, 13.016711344302962, 0.00025078300583804855, -7.2900024631077366e-05
80.855474725780056, 4.0091686178915582, -6.3217973728482522e-06, -1.7296877781515346e-05
75.108957048089465, 3.0794058069880128, 5.4201642831288713e-05, 8.6821855263463174e-05
76.023096289740764, 2.8890812814026652, -9.1659406754832694e-05, 0.00028297303455713992
79.904782703162525, 5.5677169172609338, 0.00021597302798693967, 3.5114784471924021e-05
79.975971752995207, 4.7357787839938217, 6.7406805586354973e-05, -2.0371056810985274e-06
79.858961524267841, 5.6277783094613394, 4.7191260107609465e-05, 3.2794649982542141e-06
72.786977084521567, 21.61490084623544, -9.9370906687475282e-05, -0.0007591543010182836
89.304054831262562, 5.7709307503424494, -0.00032210503890517898, -2.3879006042148847e-06
82.222158264772432, 10.419618899150571, -0.00016034656908315572, 0.00022514479576135726
81.408171567742514, 4.7656950566181786, 0.00015507781117588842, -0.00011346859707850183
89.069652295275205, 1.8933235282902161, -4.398725640107411e-05, -0.00013985489074105076
84.12748358808301, 8.9777326619695081, -0.00037488111478120898, -0.00022573806238126895
87.147750248531565, 3.3366571861550725, -8.3453546082608971e-05, -6.6176992235602992e-05
85.029285696083065, 6.7665433228518923, -0.00038202010220379486, 0.00034665322164211437
82.671557027930902, 6.4388066728101405, 2.2657601032134642e-05, -7.8022110403024782e-05
82.343365930099523, 2.4687498953579561, -0.0001416969532336446, -4.5834994301149135e-05
77.389041976652621, 7.3586140682087287, -0.00010469074637718616, -0.00015214801403130054
80.677982457707046, 7.0037720443007609, 0.00029829110646174779, -0.00020336478749023146
76.908912773798136, 4.5735826737379748, 0.00016805780740653873, 0.00021194973813502073
82.284342149381544, 2.358345746046608, 0.00017857303297905578, 0.00013675880614626368
81.640070264053421, 7.4540896061501263, 4.1027773247451467e-05, 0.00010252523540930804
75.385935005877286, 2.2826367478150549, -8.2640803612544031e-05, -4.2002777963974554e-05
88.365113790451773, 6.8645978156449479, 1.8525111711454604e-06, 6.9067212191582713e-05
76.158206772188137, 6.5553482618751469, 0.00019360060055975323, 0.00013152297126992697
90.386317879505683, 4.3122276305557632, 2.2787096779087488e-05, -0.00027543221021565791
80.450261231589096, 6.8215657997530386, 0.00040629398952946207, 5.3480763768528501e-05
85.864322968833733, 10.305680089343339, -0.00016863872029731873, -0.0001692123994803999
87.090570873870931, 9.0410233414134797, 0.00011578282384185105, -0.00023206614056755159
81.01714224869248, 4.9654263185101266, 0.00012823088560154309, -0.00021967351249043814
82.16380947925883, 2.7568125187258326, -0.000177034781546001, 0.00014608739445926507
80.417588494075105, 6.0969798897688356, 3.192188686521627e-05, 7.974066920833315e-05
75.520344740738793, 1.5162565954820757, 4.2148675581159304e-05, -0.00014727993024896575
90.432000488063025, 2.911657151469127, 0.00017455908750498426, 7.4738785058027111e-06
90.757009468158984, 6.0722760033973753, -2.7082027366068493e-05, 5.5426948704724391e-06
89.661865519220569, 4.4003153863826077, -0.00017488463639879972, -8.1843833264522387e-05
89.610709278200389, 0.71855614596950768, 5.9551144762268097e-05, -0.00021480193186342977
84.682279024786638, 9.8809693473248945, -6.7336308030997892e-05, 0.0001220146877110564
82.985521118640506, 3.5392178999325457, 0.00011955487310781227, -0.00014115970287199465
88.364959552868598, 5.3917296505875356, 2.944797904509872e-05, 4.3310495916215072e-05
89.724928875933458, 10.957262122601033, 0.00025121204837512997, 0.00013840046454850701
76.992995576892596, 3.8353380045378014, 0.00017575238454535245, 0.00018425676799320928
77.312877190973794, 3.6298477154554645, 0.00022615143997309329, 0.00014451946905187258
85.317243964462435, 2.5765676370840143, -2.5545714261395828e-05, -0.0001572386951919511
84.078101142157266, 8.8686725410024341, -7.934905085173072e-05, 3.8987647188240321e-05
77.740680744724941, 4.5986817351297091, 5.2031669879863084e-05, -0.00018959405105290915
86.37714174021086, 1.8014887142572928, 0.00015385156964340915, -8.4565244990800488e-05
81.457679987215585, 2.9594165970945978, -0.00012277377150396007, -0.00021466801404069956
86.727816109981575, 7.1026378247845008, -1.3590882972144767e-05, -0.00023744814891952094
89.956787891721035, 2.1066079365857568, 5.7634468545209783e-05, 1.3518808911582645e-05
80.182063228882228, 7.2977470819515871, 5.1628651185473688e-05, 0.00015259909845151355
89.686305982821381, 3.6899362159977538, 8.3587354338187858e-05, 0.00011160899102743165
84.654219395296565, 1.7870686016892579, -0.00010619832768923432, -0.00012271795975546211
81.832698914089875, 2.1962774898290474, 2.9945970233955476e-05, -9.593583172011583e-05
80.61999410302856, 8.8924644076395474, 8.1529499014513357e-05, -0.00020720787979292829
84.613918557211235, 7.0753700945236035, -0.00023625411377849431, -1.5445548820447478e-05
83.607662055376565, 3.9176368181964536, -5.9171413347323037e-05, 0.00026251908942761268
74.500439901620609, 12.541250671754771, 0.00041473884192788326, -0.00029230125414370501
78.02919188365496, 3.2620008287786595, -0.00030022445387394248, 3.081259230504174e-05
79.03883783103484, 9.153254504457971, 0.00023061833376976799, -3.7211751615909417e-05
76.019609092143298, 10.712614986398657, 0.00012739755019479097, -0.00027775215407748626
83.108593343555597, 6.278887728495004, 9.2126228563160577e-05, 9.9972960396795766e-05
78.669561093226122, 2.7512430500589868, -0.00013562299707008398, 9.5668953737855503e-05
83.572812700726686, 7.7822792858260366, -8.6694071609693795e-05, 0.00016451407516790306
81.777286274697502, 0.97040713091756337, -0.00020605081265248824, -0.00012016599519976827
90.532056259047408, 2.9896549880142445, -0.00012530416221268203, -0.00015184401040506016
85.720695145435457, 6.8352434306348862, 0.00014706271490264595, 0.00014785708905082486
86.972051499142509, 7.2469687965558007, 0.0001703643173302324, -3.9978684155193248e-05
85.254434317598466, 8.0610477883854283, 7.5185852592129241e-05, -0.00026512701346657089
88.884104969689403, 4.3465458795386445, -3.856949670765209e-05, 0.00016935631873930812
81.450901736187021, 7.3058898251210227, -0.00045744021706375037, -0.00021679324961569097
84.988326435322307, 2.0540968806212461, -0.0001374803430717161, -4.2806340050351386e-05
86.289217823992104, 10.012936591227152, 0.0001612662239926155, 0.00017127440093413053
84.444196473966102, 3.2347110390040981, 0.00011639858031786701, -2.5428358246528337e-05
82.968274241155569, 8.5808965630445329, -0.00012116981684788532, 0.00012012017649540584
79.56127749084034, 1.2340232576584016, -0.00015778399783402284, 0.00014929889647540589
75.690879264184616, 7.1192418160052524, -0.00017211675666333498, 2.5338042431217198e-05
88.365961246458824, 4.1628818765350859, 0.00022451295704558699, -3.8088965705900973e-05
86.62445499052167, 10.603554912527077, 1.8685421110509983e-05, 0.00011552306671771506
69.905399236353077, 19.385358964844752, -0.0012971578597494068, -0.00015852256711307468
79.670797713844294, 6.8856612375800932, -0.00016498179377092594, 0.00027628854007031634
83.065991805163918, 7.3282984395173552, 0.00012952837019198884, 9.9801040752115077e-05
76.65476657714251, 3.0442974834756051, -3.9378469552319642e-05, -4.8550770002689839e-05
77.872108183176749, 4.2300947467177323, -5.1091167949259862e-05, -0.000166710228859025
83.29603048732362, 4.3412339851590911, 0.00025415343737244541, 0.00018492089036366212
75.83328659626369, 7.9516442741079292, 0.00012738033839441136, 0.00025054668984050388
76.982311220655546, 12.456205463739865, 0.00018993551688141903, -0.00032436643451577924
86.987537462976448, 7.6811361855162685, -0.00015189305655359899, 0.00026763931427846265
88.007338771495171, 2.8968427034236202, -0.00011759424605497464, -0.00018393906683831607
86.522430247580886, 2.4129762427289525, -7.6825035964537538e-05, 0.00011862552087554105
80.387740677396522, 15.553220504214332, -0.00023414361640356081, 0.00079465254702815907
85.893076239873622, 7.4698566304218064, -3.4814989983302931e-05, -0.00024282402312772751
84.330406855305483, 5.5697313243604993, 7.6507840750178927e-05, -0.00015437639231651956
85.176640035792886, 8.4917178150682524, -0.00032061249055355525, 0.00018868230244279986
83.809848473008387, 3.1348560095666005, 0.00022604634967930001, -0.00014868867586150718
76.716953255740847, 9.5992367969192216, 9.1611391815831422e-05, 0.00018117314158638654
79.137038417239808, 9.1305710489859084, -0.00010464039534686985, 0.00023842164247792064
76.06353067720687, 32.897555378504514, -0.00018262595940027779, -0.00033467957827888338
82.499756690739758, 3.758612717179, 6.7254361659520071e-05, 0.00019999842148971924
88.795230530421122, 1.5712475918337103, 0.00013974345916645909, 6.6777451603151929e-05
77.8197301389838, 0.69616426424251476, 1.9082306386305752e-05, -0.00015226202481989049
75.079193447466039, 3.7613544877050868, -9.6875416430918161e-05, 1.3522195641229874e-05
77.474967115551976, 10.943157113742604, 0.00017152445430786885, -0.0001607781853141436
77.519835983467658, 7.582881161178797, 0.0002342271955390184, -0.00012286884879717362
82.030883718398229, 12.389520672212594, 0.00033538956500118246, 0.0001014463990606673
84.312239808142763, 5.6883608808493866, -0.00010573587391150427, 4.9217090493714166e-05
81.722939625904615, 7.4590585302627748, 0.00027701780875188085, 0.0001073696017158292
74.779204948746525, 2.6792828722210458, 5.154918146807481e-05, -7.9562413843322914e-05
81.530960552226745, 3.3438219078815297, 0.00017790962740974812, 0.00017409804815042654
84.438556514059414, 12.500537866265187, -2.6741528512418739e-05, 0.0003539520317942345
87.145110357123698, 5.8441410521394266, 0.00014313849278365387, -0.00023756974390190064
78.342414344318541, 2.8946953341505064, 9.4102536827931298e-05, -0.00012458337629949728
76.509044855586524, 7.8834600696442267, 1.3571545077186247e-05, -0.00029505025189835194
84.906660434154944, 4.0489384366311096, -0.00013654184338585996, -0.00015498989246297274
89.123772711692425, 2.4720130843302672, -5.1123042598556449e-05, 5.3809170828606522e-05
85.518263796661955, 5.1048263768124311, 0.0001014885394516375, -0.00017828779134323661
88.454054484192866, 9.471849439753834, 0.0001821672040532185, 6.5070673383432848e-05
87.547348814923055, 5.7132465114128932, -0.0003634954713771563, -1.6008491542626263e-05
83.295217410038262, 5.8242364069153192, -0.00030918312222057045, 3.2402770020282819e-05
79.614429865916037, 5.1765854705825625, 0.0001597271891000147, -0.0001865148406482958
74.481170697885005, 9.2819706642351605, 0.00018126023561053315, -7.3449134878372232e-05
75.729197646175464, 7.9228458581848304, 0.00010548768152680973, 0.00017144442426003935
87.403183230023004, 3.5244243834123647, -9.3655250633858621e-05, -9.7288117694948372e-05
84.668118749678058, 2.13251305026722, -0.00013083164113950976, -0.00017286750708161536
87.489514762866179, 6.3509252818566528, 0.00013665263385978784, -0.00020115805624125696
87.887676545002151, 1.8304132353113989, 1.2518385615642436e-05, 0.00016647511123168263
81.832009484724296, 5.3912876922165944, 6.5934942076943497e-05, -0.00025377913784435923
81.693429143669093, 6.505425429263652, -0.00012443289929238682, -0.00016478142330703362
77.706856881338055, 8.9634768557950917, 5.7463630276858145e-05, 6.3135421461844033e-05
82.8690555413895, 3.6941699774600782, 0.00010905978785174802, 5.9831019168598299e-05
87.108583318989858, 15.802656189679054, 0.00023288606331352019, 0.00013958057468076035
87.647536152170403, 2.3962489786612879, 0.00014708377109231416, 5.0048410230582786e-06
76.747299703341938, 10.530682485599602, 0.00031971370351032254, 0.0002491267752330723
86.664969489492947, 8.31650674371196, -0.00018638738318662852, -0.00010563263069882285
83.930965813716043, 6.1169302501919995, -0.00014161363884894755, 1.9027413309141116e-05
80.364135511862372, 8.733756754122787, 0.00034853691254844706, -7.0878048601975846e-05
76.748708713259148, 12.362721091529895, -3.4288301251052893e-05, -6.9125486740876011e-05
88.785001179163729, 6.2845374140852481, 4.4451783067828583e-05, 0.00018715555577410636
88.662212850054445, 3.5275767078332905, 0.00028297242488364383, 0.00010635409278164573
84.825548977979224, 3.9875968004116986, 9.2491180165567638e-05, -0.00014357276233979528
83.29140547596495, 2.3882609431115984, 5.9238468211203652e-05, -0.00011846345658220989
86.811584439847408, 3.5958616933940424, -0.00018210882936521951, 7.977342383029288e-05
84.768109233255572, 7.985901406749834, 0.00022629935875673331, -0.0002326139694582766
75.228550471235408, 6.7008230415125016, -4.4448019205385687e-05, -0.00026129175365929581
88.23296566965459, 5.7614360430344549, -0.00027402499533654023, 0.00017239196479559873
87.051340656975199, 0.66593561980094451, 0.00013444764650438393, -2.5881654361284449e-05
80.399229912462047, 16.142875408438435, -0.00087097450655912445, 0.00011488760752052903
85.25924450268532, 5.1298590009553893, -9.1390708573137885e-05, -0.00020026721229693056
81.210002973717138, 7.3860208743673894, 0.00029154856099320315, -0.00022582053477650544
81.249942109948961, 5.0364946737763736, -6.8050413062612544e-06, -0.00015559009181713895
84.624679194411513, 3.0666101433791177, 6.5399047440844644e-05, -6.5339265402921935e-05
82.107972838489488, 5.4837683509537731, -0.00012481911856177159, 8.4179184101245487e-05
76.166517563909849, 17.682441959788193, -0.00030464544004645764, 0.00014499900183053747
85.917565834911372, 5.7415365501898927, 0.00013703832565583723, -2.7641579434238399e-05
76.246517732508735, 2.7570406129167955, -0.00011751479941917363, 0.0001934561345750545
78.028835055820878, 3.6344190363091871, -0.000183847376432022, 8.5009030770460289e-05
79.503457837049339, 2.4950953065700698, 0.00017919068250267438, -0.00012411424123416441
89.518709313868612, 6.1183576373679891, -0.00010846013825176791, 0.00022389911253089869
85.904877983006259, 4.8022277796794679, 8.8969774116918989e-06, -0.00024606817802938144
72.0292702251175, 25.813505852816334, -0.00056374015435305016, 0.0013373395813822786
79.434381553975143, 12.848185337549483, 0.00018717643222813449, -0.00023530416958403094
86.103270709546607, 14.388591030337444, 0.00045253439590061913, -6.0003770040182729e-05
90.091824268036731, 1.2725547689062884, 1.7575614000085926e-05, 7.5506757893473307e-06
81.178842890552787, 4.614068968362143, -1.3596838543341243e-05, 0.00011600691716794802
76.604753993813816, 4.0506411193928509, 6.0740480694664985e-05, -9.5887266920221344e-05
78.556944543326694, 8.1637838636228892, 0.00030039656388251553, 2.3693656683173691e-05
80.245432718646157, 4.6170167509628364, -0.00015431936201263757, 9.0378454544136103e-05
80.110482676291213, 2.9327046770601264, -0.00018349121413945344, -3.1251674964305336e-05
83.578780445181877, 2.1732637768530703, 0.00010856519829253096, -8.6193585802022958e-05
85.712781525407536, 3.5574324322494473, -8.9052864548125527e-05, 0.00011013346007615008
75.983240599677316, 6.6386960223454103, -0.00012067724351452847, -3.4201188367358956e-05
76.253998180023771, 10.046760567826912, 0.00010686657072403006, 0.00029247152388020797
82.896776155434651, 9.7543431230649063, -0.000121629873945208, 0.00016591262923913068
79.663824390088791, 5.0980590670948969, -0.00010990824868859086, -0.00021306372303680685
87.238372224435622, 10.189014506000637, -0.00020250132145454997, 9.3158128820502407e-05
88.043427994731331, 5.2094934472400327, -1.8121866519881278e-05, 2.2374740730742148e-05
82.199587192044561, 9.0097729967944709, 0.00020368892236470918, -1.7362348189021632e-05
79.539670551439173, 12.39352901854356, -0.00021330313043606012, 0.00033255471136337629
88.360384333031661, 5.9562900231850424, -0.0001079599165158614, 0.00017551822375562828
88.19350519745187, 3.9482711291653327, 0.00032033065790674142, -0.00033947091774013717
82.358927911236592, 9.9466819573724532, -0.00041634679193276953, 0.00028139524239242242
88.582413279838221, 10.953565046138547, 0.000205777114134047, 0.00018994677631618367
78.022230823711453, 7.0694649360577397, -0.0001072758326625169, 4.1056966014392069e-05
76.844824033124823, 5.8357710756976333, -0.00015644409798999141, 5.9954947915309894e-05
79.266977850527567, 11.774943457875615, 2.1343476506911408e-05, -0.00015493686189578775
82.100447908276578, 4.763924991060084, 0.00012398338237988205, 0.00024121416761051898
89.847507447455897, 5.5519496630276697, -0.00023085665419166884, -3.7838466277491748e-05
65.27910543781141, 38.257738466438475, 0.00075745190555696613, -0.0014321111109183323
85.269634772186009, 0.57487236445654744, 7.2587488387599352e-05, 9.8281578789602966e-06
75.363708275809628, 4.3705957086808063, 6.6358128024581121e-05, 6.4163565125740978e-05
79.465997722443248, 4.5602680983218695, -7.2349105202318043e-05, -8.3489225971372717e-05
79.713083362392169, 4.2274438952919446, 9.2638502069280928e-05, -9.8688050385666831e-05
84.370143675258376, 8.9267843587081295, 7.2361933025478744e-05, 0.00033816835630595535
76.489240914435854, 8.2748709456158931, 2.5878651738672815e-05, 3.5007182768465136e-05
84.662362546099956, 6.7216677633067601, 4.7913027402829741e-05, -3.616456186525311e-05
81.609862785940834, 9.6254408586258702, -0.00024566622008914609, -0.00033494261972923019
81.836429230369347, 4.1931229606629037, 0.00012399105672151895, -0.00020477702227193767
86.623047136888715, 17.336702437220563, -0.00050017680923951813, -8.9606658486081928e-06
80.642224098604842, 10.453057263459314, 0.00018778988698013772, 0.0003238382750346202
79.455544398907591, 7.3702405757344707, -3.0230018419659475e-05, 0.00039324672292316928
90.164605400761715, 4.01947722732376, 0.00017330299292369494, 0.00013197843466939137
79.227809167007194, 7.2883910430651166, -7.8325002828074831e-05, -0.00013410340832770211
76.776048751282929, 3.2215803323090446, 0.00010212141460999932, 0.00011621781028464663
77.992082610500532, 7.2671916350188681, -0.00017889385665551522, 0.00019930071447202703
84.165721022928636, 1.5266884726340002, -9.5926232973548808e-05, 0.00015178920937782066
72.62734730092113, 17.652224219476061, -6.1630708912493776e-05, 0.0007587320414918716
84.612328696876844, 5.2016192680843627, 0.00012010751542744113, -0.00015036472319952202
87.072293258856519, 3.5201986346755252, 9.6362635410149e-05, -0.00010455177463465276
82.152856434379729, 4.3105419116687145, 7.1197873574350162e-05, -7.1364196311461827e-05
80.669807762253797, 0.31106308619701539, -8.6127151104718375e-05, 1.3266157338811718e-05
75.530606788447955, 1.6582987836074325, 3.2486395547803787e-05, 0.00021749639579583344
80.044229640752221, 8.9885410331566611, -0.00027689236609703403, -0.00014297626772288616
78.984191464083025, 6.1591943989322528, -5.2588221171958249e-05, 0.00018690416447678492
77.02572118322442, 4.4594764621546199, 0.00016194744278264785, -1.0693010959728566e-05
85.51804934491912, 8.3122806430254705, 0.00013798240924480111, -9.0509134497279765e-05
75.914745508333723, 14.481779360751242, 0.00010586766981753643, 8.6622452692557934e-06
76.685334026292679, 6.7613118291988759, 0.00025747786879858975, 2.9993945628889763e-05
88.444068163496226, 2.0279041885690519, -3.1866376130456984e-05, 0.00015442955447188167
74.686643096644971, 8.0343235581800041, 2.032567573557637e-05, -0.00018671831763569116
84.066454344151879, 11.03092803656792, -0.00016844605259214596, 0.00029502147851130016
87.859401352925772, 5.8439132753292746, -0.0001211012626434488, -3.174309183051014e-05
89.056151913273823, 5.3225948995585473, 0.00013564503517315708, -1.8190309907956221e-05
85.366361223184839, 9.1874148363456225, -7.6626428491462345e-05, 0.00025687492682705226
84.922912617782274, 4.1646565257286037, -1.1247251432741314e-05, 7.8361900352455193e-05
74.982593509447298, 4.9415361727385134, -0.00025340496402505964, 5.1524599709702752e-05
85.642476114304472, 5.6995717964792334, -6.5335771072799439e-05, 0.00023835046579253434
78.684763611044204, 1.0350682965996381, -0.00011954216681315999, -0.00013183871237472963
85.438943475615361, 6.1779017040060289, 0.0002536240358451137, 0.00022051266338266235
81.368854794068199, 3.38027519635689, 1.2658276846189217e-05, 7.8519287067768833e-05
81.965980889758868, 9.1385136157800844, -0.0004294225856755379, -4.569084971514035e-05
85.354935438732056, 6.6970266497375261, 0.00018277202049094956, -0.00028335352706091376
89.042699929114406, 6.033432132002746, -2.4289827568104201e-05, -1.3540827711689864e-05
76.809045146865842, 3.3204345115956748, -0.00011065662744483184, 0.00014321455016927135
81.844687449684073, 3.2936103215474057, -2.6073017343680863e-05, -0.00015003187856891379
73.968499668832735, 3.2526604302800677, 6.9676389529303346e-05, -0.00029387786891206275
76.832006419526579, 6.6732809006717568, -0.00014591021272520455, 3.6369401429532272e-05
82.347574742159239, 7.5135509701532746, 8.1377613626573873e-05, -0.0001836566181252656
84.415820824081081, 6.4037559635340822, 2.350501082065009e-05, 0.00013579630584831199
87.379026036374782, 3.862392553192068, 0.00014540528781650751, 8.5927698949906368e-05
75.49611664087989, 2.9164818898231379, 7.4894162758793698e-05, 0.00015373676247033686
86.462035736815366, 11.20497481032309, 6.674125180249234e-05, 0.0002470170269816929
88.296510632688836, 3.0552800947666121, 0.00011607553041317012, -0.00020977144761607797
86.89658417184549, 1.0656341307569455, -7.1308685726514222e-06, -3.6302281599530097e-05
76.131856825192983, 8.4917856977263231, 0.00021142259010232446, 0.00027501876154872271
80.977789938351933, 5.7611134454716595, -0.00018910611082750546, 0.00015588687552147768
88.110188578336206, 4.9992290159685977, -3.4963393620853099e-05, 8.5226478855572138e-05
77.102796051373943, 5.2396819688343612, -9.7244106095672564e-05, -3.2500451845762951e-05
81.036403305230067, 3.8284812837984292, 0.00025199289342428668, 0.00011852577905576454
52.66416493949778, 42.107697333612222, -0.00068840397609341657, -0.00029681146889790988
85.731094937048979, 5.4211817436252661, -7.0057619532482658e-05, -0.00012053505229452534
82.577126512103789, 10.98021086806574, 0.00020132292156911744, 8.5892332860781497e-05
77.427704790365254, 9.8863206286161862, -8.2421356400113566e-05, -0.00039514454302611279
82.514254374567997, 11.118935664720343, 0.00010137629003830396, 0.000262905529651
89.908235938585847, 5.5324326994469954, -3.0134351179124978e-05, -0.000209985811356768
79.153752511933831, 24.594066979572165, -0.00013048664409825322, 0.00046166428035507496
88.93832427861075, 13.424504469563134, 2.8255356362400766e-05, -0.00036532236663595484
87.101079647901429, 0.72892760437673743, 0.00020093989781662467, -9.3280513620588536e-06
82.515153975470739, 3.0737442048733397, -1.2058889000276808e-05, 8.2434085506353073e-05
74.714180084635444, 1.6407611654589271, -1.7406896513110655e-05, -5.5360091556073804e-05
83.218440267300096, 6.1864624939102573, -0.00017738116982167796, -3.2281473059612734e-05
80.881537984776543, 31.948682731371704, 0.00020645898769362141, -3.610252312072278e-05
85.866386968264933, 6.8940669531410457, 4.97061542878417e-05, -0.00011316550506910994
79.399955177284042, 1.995080980539343, -6.6754558202463763e-05, -2.6522159845732094e-05
86.133178994500852, 5.5815094870484927, -0.00016304074606781426, 9.6163554235360806e-05
84.108764730730144, 5.4342009303434491, -8.5629363273575273e-05, 0.00027911047373984906
78.119706055027493, 9.9147049833885372, 4.3084780843299622e-05, -0.00030070851170779431
77.965209519068054, 3.7101711721279664, -0.00030395467858671725, 0.00017706524605689015
84.253485876144239, 7.3076821318749232, -0.00023192835202401278, 0.00027149148967585038
82.979971642380036, 4.961305059407441, -0.00012252956293566338, 9.3670243154963303e-05
87.584724924821174, 10.981461641329364, -0.00019126041002131804, 0.0001080528891878929
77.255185809454986, 3.2648284119946438, 0.00014832143411587723, 0.00010124166246468345
81.59016178143635, 13.0343669364844, 0.00041047758626254629, 0.00028154365866620419
80.793456681791341, 0.83087748303878184, 0.00020617149584052931, -6.5225506443127981e-05
86.568514976308492, 5.0179731000594066, -0.00024465410038316886, -6.3730119402169292e-05
82.934772670145378, 9.960077058535882, 9.8666877330629742e-05, -0.00021586024401697799
83.484342033308437, 5.9244062715709198, 0.00010838319059600119, 5.4080269994352488e-05
76.146936092896283, 10.142155308675822, -0.00016568217254584285, -0.00012171168476869657
84.220710937603855, 3.4534798768451416, 0.00011037386669826541, 0.0001733934511816694
90.140927561866107, 6.0760271864016611, 1.3216030719556632e-05, -4.6403252130429947e-05
78.42551154711731, 2.2421199537937944, 3.201889552284268e-05, -2.5327755334981024e-05
88.648139821334084, 5.4018785853234172, -2.7606451579462097e-05, -8.3260910603820564e-05
89.751615031744976, 10.507184689835046, -0.00013769334944065744, 0.00039651042779022765
87.205701590807593, 8.7278911080506134, 0.00028175375379768696, -0.00019562388604563567
75.416716254780383, 3.0759975347046966, 0.00022440985307569424, -0.00025714525344110552
88.489381782023202, 6.4109207674728932, 9.727099429469616e-05, 3.952556128309218e-05
83.668391331276311, 2.8108363764969453, -0.00013699049317960211, -6.3557416460707731e-05
86.076802608381485, 5.521391136679191, 3.2646041337811245e-05, -0.00018273741187630946
74.94360330367202, 7.3689497981452687, 4.9973832224682428e-05, 0.00033963722506572767
76.05524262001002, 2.4525612707121818, 3.665761351246184e-05, 5.858964432302279e-05
88.168013345185145, 2.05096403756863, -0.00020936434226436797, -4.2075482665090871e-05
89.199523465954428, 7.7421504326523269, -0.00034309221084112643, -6.4000608271318267e-05
89.049162290773126, 6.6383020403570763, -0.00024767443253866382, -0.00018504986382069356
77.125048774936687, 1.387678738832834, 0.00022761799609183358, 3.5792489517432183e-05
80.231518067747686, 4.47004671225727, 1.707018530515147e-05, 8.6039639292272935e-05
77.688639480535599, 8.6252153164371475, -0.00015697728889597123, -0.00013308565249457754
80.816095774239329, 1.6537734356401297, -0.00011140219555685066, 0.00013534758301337289
80.354621265861951, 6.3186929726141781, 0.00022441560101113284, -2.2546739258602634e-05
81.482173340613571, 14.65764868984769, 0.00047997389030932531, -0.00018641008894768884
76.197150512345132, 6.3687549090198496, -8.178286751206385e-05, -2.6149936723524892e-05
79.411590705303169, 6.4438273118311331, -9.9306650833039088e-05, -0.00016889079349907609
70.546680962746137, 15.187659772720345, -0.00060560996211402897, 0.0002817753300692225
75.373949405232139, 4.9098112188729983, -0.0001282111286784338, -0.00037563314300594411
76.263151396486649, 4.7045596339747657, -4.6847753757419403e-05, -7.6776753647070733e-05
83.400117560840528, 11.031723550714, 1.1298047172642965e-05, -3.0531179652649727e-05
76.851329373911156, 6.1327598071212108, -9.4354745682772523e-06, -0.00027085943407675813
87.209065198032746, 4.1612036079863497, -2.5442969187686739e-06, 0.00011851751793063695
77.219381608452665, 8.9392654102159455, 0.00043033799771405345, -0.00016071340295072421
75.103183506411028, 4.3021545268828705, 0.00020326900285825338, -0.00011009952131193122
83.294564496171091, 6.4078354924105083, -0.00030946991559633496, 0.00040001439286770942
79.444565577213709, 5.7525636598141672, 2.5931966174722431e-05, -0.0001197800543384317
85.223434391989912, 1.1149047068423072, 3.3970398532470888e-05, -0.00013988989028196764
76.996786755089971, 6.2856152938437235, 2.0932761140066243e-05, -7.8411602186261378e-05
85.434913105016463, 17.747542667603877, -0.00010271042360085545, 0.00022859017543950971
84.515051990010193, 2.9127547869555812, -1.1022666971979871e-05, -8.6226677795180534e-05
83.148287266509072, 9.055850863943439, 0.00023629025235829675, 0.00022237783664512395
86.041479004559207, 2.0937970594314668, 2.2183558427528077e-05, -0.00025187374355211344
81.954558224418108, 3.7355703798194653, 0.00028505455115999484, -0.00019253129745061369
89.418692071370359, 2.8731675214656995, -3.9858724411940309e-05, 0.00016842188938384983
84.784620595373923, 8.7607145243878364, 0.00027557424647624295, -0.00020018733707014366
89.370245515700205, 5.0233835862250755, -6.2055331538874291e-05, 0.00014782829122516865
80.67379247186291, 3.0511479469448841, 3.3359644791652793e-05, -5.1074225289365877e-05
75.727733074423455, 9.3927497123677277, 0.00013764318281983017, 0.00020181408427742049
90.663746001977046, 4.1170466435456801, 5.6579833048518325e-05, -0.00010434001392860037
86.258448977214229, 5.4386312212252781, -0.00017927266753622317, 5.1773456839258968e-05
83.793375504315492, 14.810074586708106, 0.00026320646144726862, -0.00024194832310178856
79.462919402591965, 9.9891130284203129, -0.00010041000953481694, -0.00019223990822014327
88.264395776915251, 9.2903649666388457, 0.00015503290229050676, -0.00021214944427309503
85.937608236367893, 5.0269052025677139, 6.2262137162693659e-05, 0.00021399215737470507
82.149042573327762, 2.9945066927183546, -0.00024819995788038748, 4.0268796806774256e-05
81.516836905207342, 26.143874270141325, -0.00015157911030091458, -9.2327323570805077e-05
81.263367668851984, 9.6700765572012557, -5.7192643496817183e-05, 0.00015973454104378844
88.554731711258412, 3.4327694413489631, 0.00015163393013223624, 0.00010988807180187124
70.522494617487169, 14.487970418434747, 5.8574525863186484e-05, -0.00086425329122028144
84.037144256170109, 6.6461909160012462, 2.9270327531739777e-05, -0.00012864741521291569
87.274312481647726, 8.9006281622929802, -0.00023736381314436094, -0.00010020021829564859
76.151720274463329, 5.2983295320987187, -0.0002199163090817126, -0.00034785862718903111
77.929647352344446, 6.8684131006761824, -0.00016452630520550593, 7.4429662769000951e-05
74.980270751630641, 3.0272198140671636, -6.5688450272832339e-06, 9.5145970897100101e-05
84.475481342926344, 2.449431991179551, 4.3361662103975935e-05, 6.8233181757317986e-05
77.056779096611649, 7.3790838948966568, -5.0912091957721023e-05, -0.00014404121536930494
86.598311066180472, 4.5674696555835865, -0.00033148702930653993, 7.0837597489210763e-05
77.034110163978909, 1.5216250924351193, -3.344734874845105e-05, -8.7136353880022549e-05
87.370029233954241, 2.7949463142267645, -2.552303617536997e-05, 9.9609263369451303e-05
77.377288074040266, 2.1601247571288784, 0.00022296948428554515, 8.7943087930013932e-06
80.238660578433951, 6.5780894148094777, 0.0002242362548823782, 3.2450786341187615e-05
88.418859574017816, 7.2738946131312945, -0.0001880861634028716, 0.00012929015098998552
83.600531214308759, 7.5707138453423868, 0.00016460648724612149, -2.9322221824760449e-05
84.405382341603499, 17.567094787569946, -0.00037106241278234587, -0.00025874847527131335
84.232600137090301, 5.997438225465074, -0.0002425107254956104, 0.00021850120862574549
88.341756184510587, 7.8023604673577314, -8.7015146252815149e-05, 0.00037897172116532985
74.76468836803484, 11.570874499334852, 0.00031663783107834653, 0.00016999835297965877
84.635120943489113, 5.4472561580879777, 0.00019179991647397382, -4.1041300673836512e-05
89.598860858380988, 2.4220596359934912, 5.1147498640835088e-05, 6.1875626204743021e-05
65.139518245654514, 26.969239861272122, 0.00019778404545596584, -0.00014046504568952374
88.338076626088124, 8.1693924073856312, 0.0002119212120590074, -0.0003283143945841148
87.657975403460298, 5.782268069027416, 0.00015090532324088944, -9.2068142418512286e-05
79.194527476566464, 4.7127858210139557, 0.00026780408452205956, -0.00023451986236590024
84.404751308444744, 8.2079375517728419, 0.00015133849622551748, 0.00030557434489648797
88.494702554125894, 8.3903588806622427, -0.00017487184834173608, 0.0001229465021129576
79.231610468075829, 0.62114468350667773, 0.00017791494245133829, 0.00014221574774266147
76.014643572277038, 2.5481984615428601, 0.00025587996644896576, 0.00011806440096692465
87.395180128476184, 6.4975042530467206, -0.00013953989254799937, 0.00014185247051408083
85.274331913834985, 12.451228508062272, 0.00020216882663947288, 0.00053329900197902696
77.121485694216148, 6.4123471670630439, -0.0001208505032936001, -0.00011640855871184015
85.826691033261199, 2.5084689637077791, 2.7883194680412413e-05, -2.8193558969495991e-05
86.013789086703454, 8.7101992387725407, -6.1385733584004153e-05, -0.00023925070181369344
90.19195023438651, 6.2863104180188687, 5.9295200019077294e-06, 0.00011114082664281741
82.152526198781345, 9.8374654166634361, 0.00028980448932409395, 0.00015778752508555682
83.192653567552327, 11.774149871847971, 0.00016356395063004352, 0.00013860536987927237
80.42159656353941, 4.3145173876727503, -7.880326789549188e-05, 0.0002035412731108362
81.500188170428288, 4.6668006109769626, 4.5600358436071612e-05, -0.00047445938054712917
85.063722524066733, 9.757050545821004, -1.4525790594643497e-05, -0.00020900161951826807
81.815149991433046, 5.5210024999657383, 3.0484694170587577e-05, 0.0002481214549398664
77.692227500233287, 16.761048606685801, 4.2235732444595133e-05, 0.00080202076482983528
88.186923310884978, 4.0979272399766016, 3.1549385553760534e-05, 4.4930867797701454e-05
80.321509042023521, 4.5435880238571755, 0.0001220370347360565, 6.4423336569229521e-05
73.993184175704371, 14.571810898148472, -9.4585895664805455e-05, 0.00069505526243135722
84.003048030191891, 3.4385916011289681, -9.5106644152330563e-05, 0.00027232365463219897
86.292656558519383, 1.9269416570772673, -7.0964741539709906e-05, -0.00020168657568586925
79.632010333091344, 4.7914853356495684, 7.6893741168180781e-05, 2.1495941950254094e-05
87.246841722106282, 3.7347200252026558, 0.00020949027352336715, 3.8437191877664837e-05
77.927868114686149, 10.159359264927689, -8.7445758215808959e-05, 0.00046900026443045254
81.526293301670165, 3.7762030277390579, 7.6492120885966275e-05, 0.00026913141094107694
84.175823279731318, 5.0121012532608153, 0.00015951718760784657, -0.00016429571449754775
90.669218954695324, 0.23082940818017531, 4.8670046963616298e-05, -2.3775096409776835e-05
80.085280219590317, 6.077871752709294, 1.3632066925916153e-05, -5.6696155953504912e-05
76.164767545482718, 6.1306840376324736, 2.0995134234787248e-05, 9.4460637328033962e-05
82.03229743351136, 17.678873242291637, 0.00042185435554845427, -0.00075135047443057796
86.882858634105418, 3.7099244740312365, -9.0743200006120872e-05, -0.00011884508397113285
86.225861378076644, 19.809155984369287, -4.5401109223663786e-05, -0.00049831914233168962
74.769061555344891, 15.232690828788529, 0.00042803282056994566, -0.00024277380582279684
86.398380551102761, 9.6008278719892122, -8.2945606963784639e-05, 0.0002490842259131679
76.276626289074443, 3.6579809448826124, 6.8004720867466246e-05, -9.2084460265490202e-06
83.703419825635066, 3.9784887185175064, -0.00019492229194247658, -0.00053337116167386542
87.734303359860576, 7.0309545705155001, 0.00035494161523439381, 0.00016425337323081057
86.838838328208595, 1.4990190454988213, 1.392553363124314e-05, -7.4181213451524752e-05
74.967957732264779, 8.6818007792003247, -0.00010054266301651169, 0.00027605068844734353
74.404560956758189, 3.7568944434258897, 7.0389161464718975e-05, 0.00013024851780819399
76.54059616180011, 5.1829744733331742, 0.00014050364064486891, 0.00028239960584794155
80.189820177884258, 8.8239214636868972, 0.00020720374643613061, 3.1252263349912141e-05
77.980947149496558, 2.5242655491786286, -8.202949376955058e-05, 2.1782146149180536e-05
83.539083728940568, 2.9236246098941225, 0.00010426963228550686, 7.5937286858364795e-05
90.428666229003724, 2.0851647391689725, 2.0217611726203556e-05, 4.399577213889176e-05
85.922217524064735, 3.6839560703579184, -0.0001119170423821007, 2.967908512034981e-05
89.050455614143047, 0.97977063930053909, -2.703105942285446e-05, 5.5147593818800209e-05
76.448951611311472, 1.6011317014346349, -1.3904652631631254e-05, 0.00013699220186949744
80.589079127871102, 18.628245943696594, 0.00017582677264914683, 0.00023437860265809672
77.360501739374158, 4.7752963588867194, 0.00036487997018057707, -0.00030484377096188397
84.036619397188602, 3.3701532779609455, -7.7716845376648891e-05, -7.8852668286862179e-05
85.853667196714866, 1.7822719803120128, -1.7822075105563638e-05, -0.00017463729050494343
78.58360919802351, 3.8496839947436512, -9.6030697613048424e-05, 0.00014178983609911856
80.364331344552966, 0.61301453891707791, 4.7744498629737478e-05, -9.2565417792214757e-05
74.421325115121235, 7.5373855349170267, 0.00024041001523766349, -0.00012780758461753029
74.694874056386283, 19.067945866719285, 0.00038347562706420339, 0.00027899522846786689
82.297557696790378, 6.8597156862571911, 0.00023619611089563554, 0.00021425114940416525
84.858226864867476, 7.1286297639593119, 8.710186550208861e-05, -0.00022082469392552167
81.926626512542342, 1.8464235311267287, -7.8929294227184909e-05, -0.00023510782904130885
89.365240119146534, 11.552882806772137, -0.00013199752807082195, 0.00030160687924683002
83.69579713999687, 33.144298941660672, 9.1733444356915505e-05, 0.00012091923229806198
86.950854905385441, 5.8853941086993959, 8.2166174262697709e-05, 0.00017366032912418135
83.458011233309293, 7.8938764603094072, -0.00020437202821403815, -1.4025263187569634e-05
83.578560790199163, 8.9557432881718935, 0.00029655798320638108, -0.00040320177980100616
81.91638670576387, 17.827624020047367, -0.00022308944249421146, 0.00020006315499394248
74.654797746668152, 6.1705326464548058, -0.00026749369564238429, 5.7490975211528475e-05
83.952277529064943, 8.5395464233854987, -0.00012701514477649192, -8.1855934995011666e-05
87.697953698224552, 2.7076984322265414, -7.8609328913773814e-05, -1.8401692263917328e-05
83.36009761247044, 17.641114107880625, -0.00041745290528428169, -0.00051721460591269068
79.506500864224492, 2.2978191279681592, 4.7742903507427665e-05, 3.4867807711455001e-05
75.974117542880165, 3.3038258555325162, 2.346898671080515e-06, -2.1079471938520885e-05
88.178210365003068, 7.6212540170267618, 1.4521283956122079e-05, 0.00027729748757939968
84.871279385078338, 4.1533758208410418, 0.00017599583639512257, -0.00028071591112396291
84.772781162363202, 0.42346903563210431, -2.6387480256048685e-05, 3.8150265391389934e-05
79.94051771526685, 15.690332401911542, 5.6618667037976929e-05, -0.00067000865867619804
88.535402511699758, 11.115544629805861, -0.00019833000439835235, -0.00036659291408280717
80.517414147158789, 9.5438110422099562, -9.0166547052524228e-05, -0.0002012509091816949
87.032052067499578, 5.0327337207258065, -7.2254115040859634e-06, 4.7069709641952771e-05
80.356298992651105, 13.535415458302312, 0.00027433625737796521, -0.00069158403182703371
78.153686755094597, 4.072451705021761, -2.1370989702355978e-05, 8.8808643973987384e-05
79.258150384267523, 6.8446341629517775, 0.00026764380741355412, 0.00011171326174550113
88.160849477360188, 3.536405532291687, -6.1720500792432031e-05, -0.00013489791545648065
88.356632907116804, 1.3766522453133108, 3.3022487991785168e-05, -0.00015546572110104772
80.982772537054359, 4.7210773067203275, -7.4666737489994156e-05, -9.5827463194830909e-05
86.024513846268704, 2.3470727428226765, -0.00014831711896229048, -0.00020316642346468428
86.413841414625168, 2.8354966706230496, 3.4082025282322822e-05, -0.00017918646868272288
85.996413840180892, 13.521078988841152, -0.00030161237925575943, 0.00011985192893939783
85.146100082880722, 8.9284168096738981, 0.00010122282232105268, 0.00014486013813334148
88.969920761594494, 8.7605188841658013, -9.6263448131134776e-05, -0.00016445324424905268
77.117596368733075, 5.6858262589899145, 0.00026916762995945088, 4.5148424127399571e-05
86.282019807485412, 2.5698206780434512, 0.00020294732865959971, -5.8210545292612916e-05
88.750390076340437, 4.2443424795115146, 6.6860910185514875e-06, 8.5891696479753156e-08
87.913668459452694, 3.7766976322888666, -6.2668628333871414e-05, -2.6567521396048645e-05
78.114113422532412, 4.3134935199530648, -0.00019984208662416516, 0.00015354152186947638
88.952712847227801, 4.147393691670783, -0.00013610922589313122, 1.797441614719072e-05
91.754461254281892, 4.000259762903692, 0.00016789921116998167, -0.00023230771378639914
74.818985830574761, 0.8478140963004891, -1.6414403110624236e-05, -0.00016133390919736642
79.065525092537499, 5.3302359152712846, 0.00016498531810120695, -7.7674716264198969e-05
82.598892833825872, 3.2697471770115167, -0.00033527348684809968, -0.00011479516960450217
87.58292550580785, 9.4238436521015991, 0.00028618732849582221, -8.0300989173327355e-05
74.126340367754054, 10.322978884381071, -8.1229330769727137e-05, 5.7262287511233027e-06
87.387775540786294, 5.3822381064348441, 0.00024043873714810955, -0.00014851802605771229
76.163500467829493, 8.2071075059926102, -0.00027666066825679443, -0.0002027373963901177
88.518585676578667, 2.2021028512433203, 5.5738198604887792e-05, 8.74233920026876e-05
85.850947082969981, 10.828289038534324, -1.2984768404909576e-05, 0.00027387351131070352
82.796096418076957, 7.4899802029422826, -0.00023301258709576255, 0.00020021933695029391
77.585602318410395, 1.2627136811560309, -5.7422954303836474e-05, -6.7773256569113035e-07
80.504398485198365, 9.0325628821232229, -0.0001394765712694827, 0.00016520402247999704
78.444113375585303, 3.1733583242433929, 1.6780275296720711e-05, 0.00010775919333687529
82.187106798878546, 8.318419011191013, -2.4789667923518326e-05, 0.00020271229947432909
78.206962603708462, 4.5734004377089201, -7.0553078328916406e-05, -0.0001005975336631304
78.585953289888408, 4.4253317912225461, 5.3042904359738597e-05, 4.1050495110601275e-05
89.829922631875533, 2.7413222099695735, 4.4679827441723236e-05, 5.2273667999426152e-05
89.794181877475438, 1.9597772505604407, 0.00010034443177303939, -8.1904713140204377e-06
79.667302215037708, 2.332405367952179, 0.00012138583501144988, 1.6968242394024873e-05
77.112256394362646, 10.258588545861262, -0.00035703159741915771, -0.00010396469213840105
86.57931308760719, 3.6223469078985637, -5.0165612221075873e-06, 0.00017492215642929984
81.994635895314786, 11.318036741488022, -0.0002729126795149835, -0.000197379235525995
75.173823898124468, 5.3674399534566941, 3.4704295729643327e-05, -0.00038435003913070111
79.661965324743846, 4.2057911057629065, -0.00013747161501410476, -0.00023402434104809208
79.347376506102961, 8.8272501083617279, 0.00011076937162093685, 0.00010141628565382791
86.324053668173519, 3.4839520726808608, 5.6622390437685642e-05, 0.0001542080466925745
88.634973092462204, 11.648547557184687, 0.00010803606147378057, -0.00041089315928553128
84.065911951116775, 7.9292179063208081, 3.2274464311763946e-05, -0.00013962373881998001
80.998567011141404, 16.347885094253368, -0.00032486895312486128, -0.00056902560666804308
89.019128406302215, 2.1725254440058657, 7.9962028648379426e-06, 0.00019772862695788913
77.421411623087081, 2.5892408558678546, 0.00012594306521159526, 6.4357165525897521e-05
83.236957518130623, 24.644480569369421, -0.00050602260153330371, -0.00026506005762616725
75.392868662509102, 12.672635106654603, -0.00037154243680135565, -1.2088803107255303e-05
75.968170529941204, 8.5862668354112568, -0.00012991115626185187, 0.00032749606495381179
78.968990006589806, 13.85223280010347, -1.4869560269927981e-06, 0.00041427343456356731
85.721140120202463, 1.3078587853835268, -5.8156194633401603e-05, 1.3314984078732583e-05
82.899402570606455, 6.364709259927892, -9.2447260437100926e-06, -2.1322400914883604e-05
84.230583549508154, 5.3614207156484932, 0.00016158840648017265, 0.00038067984023851801
86.504434689531521, 10.458745184796852, -0.00040904670598499192, 0.00010607031385223159
81.48788783377249, 5.9983063063383897, 0.00017092969543860059, -0.00012856228856460383
89.790516085345757, 6.8186187815748118, 9.271369704032271e-05, 0.00027861592237509597
77.515836661474751, 5.547448260714515, -8.2626201195002165e-05, 0.00039669350852329389
78.661045898373317, 4.3090132868951558, 8.3809865615492801e-05, -4.0921463452971851e-05
82.778424217979946, 5.3212022419069456, 0.00011385413415016308, -0.00010786814170146383
84.837601731685254, 7.0499312849511195, 0.00011700405918923409, 0.0001238927418078011
79.055686915135823, 17.954904584439966, 0.00011158658631357182, 0.00017792876803656888
78.851190569968438, 5.6059366349801136, 0.00025062622260152266, 0.0001814634195102795
89.659279326213749, 3.0081907964221002, -3.4208483889887661e-05, 3.7709154054233543e-05
76.060464488297583, 10.550890853346514, -0.0005723669868143229, -6.6140119814981315e-05
83.158520600238333, 3.1785702930700395, -0.00022515721793452538, 6.4550673004363038e-05
85.768614238938397, 4.176012979228509, 6.7002223733146681e-05, 5.0858433139741488e-05
86.725030516466518, 9.0447081339672586, -0.0001802461453939953, 0.00016026491951993458
77.757987555965485, 7.3501674629982157, -1.5310166295860811e-06, 0.0002989316270324049
80.267044537323358, 14.029102044005851, -6.6616765276215242e-05, 0.00057758124691691234
81.088319748608782, 3.1346739767627745, 0.00010763530921880366, -1.4498116734938814e-05
72.734146255162329, 17.554055391409879, -4.1803757136763488e-05, 0.0004151277376447124
78.776575320720482, 14.383225470925003, -0.00019034639374025425, -0.00024854274957236943
79.037829128844606, 13.667880016729356, 0.00017058397325384351, -8.6199030212443352e-05
80.219746861390291, 3.960873032342707, -0.00024826692938678462, -0.00032983420082550048
89.814759501883557, 5.9184582094180938, 6.40823189810284e-05, -1.7253538447910776e-05
88.23707920855648, 2.4398399009933978, -2.2575137125023657e-05, -2.9389973516952573e-06
77.355600893757313, 2.9567107087083335, 0.00016099316109453304, 0.00016498769665156544
86.756154216027724, 4.1011231487055904, -1.2280118949264436e-05, -0.00015687145775701412
79.692732868034611, 12.911839746453129, -2.1629719717537855e-05, -8.1504009693662103e-05
77.541889566367161, 6.0102135217822283, 0.00024992077276253402, -5.1020314021344914e-05
75.804666495209858, 2.6373806262904367, 8.1579384614604298e-05, 4.6360679557134499e-05
71.450145557999662, 21.644170693790617, -0.00052576292647138283, -0.00073317309689524036
80.029031611333068, 6.1013953066911055, 0.00021082257764527682, -7.4467324129796493e-05
77.497355155023911, 9.1502486431944252, 0.00040433969755364026, 7.882711241986798e-06
86.074739604841028, 2.1448338456959632, -9.45417002113852e-05, 0.00016908075836367782
75.195797565618093, 5.9431997536641816, -0.00016555552345318868, -3.2801621535583952e-06
85.126648125642944, 1.9650286166771509, 0.00024834937833766337, 8.851791558350286e-05
81.983013247002063, 9.6346001979032696, 9.4703403422287483e-05, 0.00017364188769922756
75.500575045630796, 2.0526946543020879, 7.9259508943208061e-05, -1.1787310899289517e-05
82.806164436796891, 3.2622497533232719, -0.00022794554216473437, -6.4148480634692185e-05
89.764391328173801, 6.1057301228562322, 1.8803677876018287e-06, -0.00020085961918640374
80.085927861245636, 5.1737110239157573, -0.00023328391246020769, 0.00031314430055166413
84.047001035337175, 1.9418290518693204, -6.1342781870588262e-05, -9.5715931364593332e-05
76.087793860800787, 3.2568362760733556, -0.00012015394625440685, -4.6593969322593199e-05
89.26967454563723, 4.2944106619749345, -6.841858555594021e-05, -0.00014911894791199581
89.449680657040574, 10.754484443357434, -0.00014778358354233215, -0.00030976341462480287
80.909828216510775, 4.1706394868877146, 0.00018507328278832402, -7.8865232374380112e-05
87.285009203633322, 3.1095904683576192, 0.00010056867392576235, 2.6211717165857875e-05
84.683682266104, 7.7575525367826232, 0.00028071159250763194, 0.00031501231338165525
85.515335199495183, 8.0307653681336646, -0.00022310759584017297, -0.00018484903339985185
77.359022289915586, 1.1071106815491414, 0.00010857860649353769, 5.7694807988494803e-05
88.423076207206194, 8.5569756478253822, -0.00010326481453216618, -0.00028150933727154825
78.17833607553321, 9.0049238662202011, -0.0004061055823829391, -0.00022647224935381729
87.999691856445153, 4.310783451722334, -1.744635110723974e-05, 0.00011820394576292234
86.937102902963517, 14.86313400505591, 0.00051745313338864851, 0.00042666455117661964
79.320925114100206, 5.1187652332590128, 0.000134885185652829, 0.00012779929018828009
83.371546462854838, 5.0184467579702394, 8.4893332346832104e-05, -9.7206359143633036e-05
81.47296640280976, 7.1269714875364558, -6.2189696009296689e-05, -0.0002127214555433426
70.143535506418985, 13.99428290451824, -0.00077274533435450613, 0.00014943652260005492
59.372174853710334, 15.665916625996882, -0.00086821548163461444, -0.00053155953292180838
88.012505531982981, 1.7923045512887712, 2.3921831502079911e-05, 2.8821167173849414e-05
78.805501060248176, 12.60580740364921, 0.00034016282643321508, 0.00015756221510967015
84.013659761264364, 9.980289386030714, 0.00034184998965328296, -0.00015317875169921003
84.52834039801597, 3.5222167283790928, -6.3271239556265583e-05, 0.00026079084135267178
84.425912110607911, 4.3728006483370869, -2.7280998876203752e-05, 6.9424723863752066e-05
83.867887868362232, 6.5806213126090753, 0.00011356774229908507, -9.4663839891421451e-05
76.680083037996638, 5.91750914228209, 5.0427004873071277e-05, 0.00032529110036581241
88.367507718255155, 4.8149668607040494, 7.8013059556617897e-05, -7.3140047516873622e-05
82.144553287856127, 8.4599010391528768, 8.1100302506772052e-05, -0.00011605755220001932
81.498258435188248, 7.3543243482135301, -0.00020022671155022677, -6.4788719656664912e-05
76.233629549428159, 10.614533824589781, 0.00012650329683401871, 0.00010283057379924309
83.380088644172915, 7.5116767422783708, 9.534081512044047e-05, 0.00024371320128579481
76.72658916642726, 7.3213081832021514, -0.00033221685782981476, 0.00011034774035366877
81.330134689111773, 7.4764711841047964, 1.711172268324502e-05, -0.00021363138066171186
76.859267556986495, 5.6503486982405251, 0.00013846110474933363, 5.3164696676583957e-05
85.682059243293168, 5.529439544788791, 0.00010836944160876349, 0.00014928406379455462
90.342671544796801, 6.8597302843125467, 0.00012551379455070071, -4.1833051506401375e-05
85.42542375305031, 12.615789426477509, -0.00012491152969074302, -0.00015853720277457555
77.003162782477503, 3.9489544342365241, 1.7161777967889193e-05, -3.0662088095761641e-05
78.591966001690238, 3.5412481135618821, -0.00015131018770279459, 1.9986137309660574e-05
62.81759589641689, 32.872420770082051, -0.00053924926143142404, -0.001227497245346606
83.139862165275275, 8.7866045639802799, -0.00011189024953504692, -0.00053957852751510492
80.006082881962882, 16.193055478166922, -0.00025336897370750586, 0.00044085714381135845
86.288583419883707, 3.942353582380997, -4.0740036909786303e-05, 0.00011230292693796605
87.137713475147265, 7.7998255203267277, -0.00014770582647390492, 0.00012651446786684565
86.218917730813487, 4.0704105955224881, 0.0004090681389651288, 3.9954854311347275e-05
79.501403592743273, 13.154086570558368, 4.3991118870563864e-05, -0.00010921529005471549
82.336192719741518, 5.9097864621964682, 0.00010139380281369083, 0.00010899427693882319
80.888355110411538, 5.2871849713208068, 0.00012744312349620521, -0.00018864750993097344
83.569308481225036, 9.3725349088246031, -0.00054345767222093897, -0.00027053863480538639
77.020501204834247, 6.4578790922139691, -0.00013421908899141188, -0.00013058625342525712
84.53392230359205, 10.22424826629199, -0.00012234500635740668, -0.0002419885392925595
89.179611002721074, 3.2889291878719091, 5.9843808224082498e-05, -8.6548130487688599e-06
80.191310998026353, 9.1020718344763072, 0.00027539962928192763, -0.00020610013005261169
86.306342544245069, 7.282611332621399, -5.2863699193604326e-05, 0.00014113313749720857
75.829292312832479, 6.2001914274684893, -0.00013886191225799337, 0.00015633880118783109
81.945525170567322, 9.0086847076462142, 0.00023412837215025287, 9.6726680530678788e-05
76.993756631302389, 3.9634797503688386, -4.5767925400353058e-05, -6.9617190989408541e-05
84.063670316348038, 11.332893552438319, 8.6007789250281956e-05, -7.5345952680722279e-05
86.305755961153324, 8.0083390378951922, 0.00016595719322877862, 0.00026472579606706231
74.90389279055114, 10.282033533601, 0.00021298721966602559, 0.00031089375253034811
88.245776305570416, 10.681156315275089, 0.00020787452147467302, 0.00010783810326677685
87.548383158717215, 7.9233229643460019, -0.0001410121657355047, -1.3361979811048952e-05
79.691568201711647, 4.7329365262646634, -6.3391788233473545e-05, -6.935909915133124e-05
75.776008168522395, 9.659732379012647, 0.00015095976663194558, -0.0002703560801318143
83.149821323529693, 14.232371228370758, 8.5305003781843027e-05, -0.00043952456306167742
77.246073008391633, 2.0448841088711536, -2.7252546985315921e-06, 5.8746899827060489e-05
80.687611705414142, 1.8093670692307522, -7.1975261859344485e-05, -7.1514572639187987e-05
80.998605013106385, 7.4389249303679419, 0.00021938525584446565, -0.0001360262921915528
80.650242621700201, 2.0119602561350902, 2.6757113862393809e-05, -6.58911629255796e-05
83.844140776221309, 1.4480414287354735, -1.7891439472643947e-05, 5.2837458387111433e-05
53.937027553003645, 32.719884717228524, 0.00013140340104587965, 0.0018297641664930099
80.504052484922298, 6.1497378558092501, -9.581331941203843e-05, 7.8680600325968829e-06
84.158064998043599, 7.8838003024769856, -3.9963983589776992e-05, -0.00043204098952057736
87.522900176420961, 6.7542215195299287, 6.7889352980045624e-05, -0.00021862271687902359
86.006367148695986, 0.50583178093009407, -0.00033531223705241621, 3.1986012726457117e-05
77.285067752301401, 7.4645038238429704, -0.00032419569310572819, 0.00023713249467639707
80.222858013385775, 7.0025634451537746, 0.00018036864269316193, -0.00015174908979295835
80.177358725747908, 10.947395696427748, 0.00024032824934658783, -0.00027077880400711788
88.468161908289076, 3.3108711370406985, 0.00020755373096528496, 0.00011592132413872735
77.724423674635716, 20.800718069974526, 0.00014548663551209492, -0.00045088516564462669
85.683007253284387, 6.1908923447352029, -9.6527029382348807e-06, 0.00012022820077467044
80.85732766511704, 15.276700065225116, -0.00019801159824109362, 0.00018144764153647192
90.441945473293487, 1.6544921239399262, -1.3635763803594544e-05, -2.5512796791595532e-05
77.612298017696531, 3.9912497071431998, -0.00016743195020311327, 0.00012012294537906572
82.905949088947793, 7.9966831985797153, -0.00053298088274660906, -0.0002354430765927304
80.218807575635296, 6.6844564305234755, -0.00022753678099971268, 0.00020542601614172674
83.058496262022615, 5.8943645133733451, 0.00028823611612131713, 0.00017060720978126533
82.378223279180588, 6.4401103783236673, -3.8260679003405303e-05, 0.00013744966641575173
86.884217080469298, 3.6300025185947944, -5.9186960134401284e-05, -4.4845766307932645e-05
79.193840263166607, 10.219914578861912, -0.0004302417035828261, 0.00012283296789858357
83.950405632716524, 8.4731453024833225, 0.00015670918828429768, -0.00018730803707695857
78.982883275854462, 3.5400997157256153, 7.6032375079683993e-05, -3.9972117858019752e-07
81.633027686228289, 18.12908427909024, -2.1410359752164351e-05, 0.00016954724143678003
82.079621101369852, 1.0544220975184944, 0.00013928643403009338, -4.8663173334805044e-05
75.565318560703716, 2.7866792786746304, -6.8117673772832461e-05, 8.4768975185917138e-05
87.950217376688244, 6.9915323833220766, -1.9678886212439141e-06, 4.2847027376103668e-05
86.189262058635336, 6.5853449083511064, -0.000198045265410943, -7.1391803202652737e-06
82.360554521569924, 9.6437695843741835, 0.00025270719395708668, -0.0004066474174883263
80.319419922177332, 9.5049174872110971, 0.00015124784947618001, 0.00021144637629457675
80.558388715547409, 5.2715586725388617, -9.4518143434946258e-05, 0.00013817453685330752
81.55714013969525, 12.487030828547413, -0.00012837981169560157, 0.00018730284570263824
81.932944474925321, 10.889646942909698, -0.00015100301510567046, 2.8588350719950055e-05
84.607345149657959, 5.407280795650018, -8.6485360398556236e-05, -4.9612219746582447e-05
82.701017401218778, 13.378736863855996, -0.00041680191769945572, -0.00067989608758355048
86.684948943657659, 2.0691066366081912, 3.1140243963296684e-05, 0.00010228611512217612
79.513621866649956, 3.7241862977094349, -4.7766923048893892e-06, 0.00018611876157325943
83.902160657103451, 1.3742777602725142, -8.6664103040267774e-05, -3.6686204169227458e-05
76.561304243188175, 3.4400212444612648, -1.4055166123820958e-05, -0.00017072088412554095
82.679331880985046, 9.437426828361458, -3.8677588107658326e-05, 0.00010037074730417974
86.570000132236416, 10.03108939040886, 0.00015636876569338176, -0.00026180584116007268
84.491555329192508, 14.037308630091019, 0.00044256324770991875, -0.0002742106132456037
79.088160787056694, 4.3414391652865589, -2.9490618832403877e-06, 1.726119922269778e-05
87.707835279194725, 9.5853217716975507, -0.0003079212938382331, 3.3057088864515768e-06
78.936085896909091, 4.2676170047415365, 0.00018126558605664121, -2.7703398221526743e-05
88.249630748075305, 8.8763069247283948, 0.00011856515992029169, 0.00016366898847325107
79.790496119164857, 4.0902558423242716, -0.00012645253551188716, 0.00010289406185553744
87.40369478914991, 3.9726100826770336, 0.00012963833707774696, -0.00010927776514900338
89.041424424180533, 6.5405237778315204, -3.2550185662844729e-05, 7.4692567183777886e-05
80.213583052027971, 14.901879043306504, 0.00028950097992612949, -4.2494196141793688e-05
82.554495652708923, 0.7060303953712086, 6.0628317746439914e-05, 0.00010780798297556974
79.158040605641887, 2.4444524091105722, -6.528548676747661e-05, 3.5734983386125752e-05
84.739722579694089, 4.0787598404702052, 0.00010413171259353048, 3.7614807084224203e-05
85.168567513110915, 9.9505465831512225, 0.00029454828124806748, -6.9280354225424818e-05
87.784205648400274, 4.0974232522312501, -0.00021051688206865347, -7.367891477837479e-05
78.694696139796932, 6.0823576940380271, 0.00032222005508620227, 0.00018945099637198315
75.101099531167918, 25.26709007826836, -1.8749769668821216e-05, 0.00063157902301547034
76.733213205458711, 8.2587074030956433, -5.6781684504782165e-05, 0.00020855246960961883
75.613451045629134, 7.9275353360475584, 6.4600800273807547e-05, -0.00016137646052745118
80.424425696740741, 8.6825283645276219, 0.00021391989401313289, 0.0002986173083595472
83.487268360342085, 7.4232072047902635, 0.0001923423385705454, -0.00013236715659092717
86.750040364775586, 3.0162943245437965, -0.00011346150102570088, -9.5452992903519569e-05
79.196059808225101, 3.9899032185477634, -7.3496099169300676e-05, -0.00024181394416300026
81.813466419559106, 5.2777058226554443, 0.00024260236889695101, -0.00020379435205531899
75.312138947609, 2.2401055020898997, -5.5794777229236477e-05, -0.00014221954554096691
74.332904521532797, 7.8652975344170084, -6.6927976199599812e-05, 0.00061581994939637215
79.243348220743883, 5.4937041718455797, 4.065030574549927e-05, 0.00020836749670628655
76.345227771002527, 2.8806714980455821, -7.8188658489582947e-05, -0.00017468596300408172
76.55985795633616, 3.8484776219833434, -7.8305252661618383e-05, -0.0001625171173868041
74.692618805758244, 13.128932828847651, 3.5020217200407359e-05, -0.00031269331329747472
80.526026086894262, 7.5508579609724871, -4.4425588469640532e-05, 0.0002223333547651249
78.257271968065695, 11.938382989594587, -0.00021294448672581117, 0.00034827437723401262
85.557753743209418, 5.5305927760748954, 0.00020199772845675638, -0.00015482061893962312
43.580124097498761, 35.559285200654209, 0.0015118593864639513, 0.00093893749590165995
80.177105015984353, 8.7987901909255033, -2.2008371897167785e-05, 0.00030549315329107455
78.303371471693708, 3.6985900763057153, 3.1170305489058991e-05, -0.00028032291170730319
88.436696581228631, 4.6665940750007069, 0.00025318389805414567, 2.8326444158799055e-06
77.156445989657669, 7.4402573390147886, 6.7951186549120322e-05, -1.0318800081672718e-05
88.044137028972031, 6.8269496586982443, 0.00016125908733247138, 3.1997710436207773e-05
80.31477333648462, 10.125142475946404, -0.00030575207822025548, 3.640480723817754e-05
77.644219905400277, 1.6945918827323279, -1.5231167278809315e-06, -0.00011777355076671636
80.885965798119926, 2.8682175003813102, -3.333919700618704e-05, 8.9759067511685176e-06
81.205455851481403, 3.2891131972811727, 7.0621114442553186e-05, -0.00013787708895029985
87.688329533357916, 5.344877223476888, -0.0002655967657646071, 1.4930414591958242e-05
76.948420543087266, 7.9049628034148656, 2.5373242863407108e-05, 0.00010939226922188808
84.726076379982786, 2.8682485895931458, 0.00010416771258584052, -0.00019889973637451464
90.002515092692647, 5.1831363156038286, 0.0001250207177261418, 2.0872010606864433e-05
86.063607989355404, 8.7856146686312879, 0.00025902453622785656, -6.7999557729001475e-05
81.78605353036491, 5.6672126280491035, -0.00023216345746414813, -2.2770275197625671e-05
84.876191681495953, 2.8906358902995986, 1.238136909661403e-05, 3.9369452750662728e-05
82.72768441282787, 11.391338803076033, -0.00025556575843109551, -0.00018741635377757124
77.126978707548261, 1.943926588880017, -4.7755575316158665e-05, -9.0974638666767543e-05
80.495170981409004, 5.7860733785212828, 9.3031373611831886e-05, 0.00030241534502206436
75.314657841986232, 3.784235760374302, 0.00017346701858577703, -0.00018365829447397291
89.693162447929538, 3.7617062682872158, 0.00021176764618528331, 3.6061305843616288e-05
55.193473079175973, 31.044142032706649, 0.0013594650618504261, 0.0012089771741427284
76.55154903326455, 5.989179694115121, -8.5706591403309607e-05, -3.229109158897905e-06
85.044870502479327, 5.9300225046051978, -5.7832028647496379e-06, 0.00014221984309087886
86.144521440866342, 7.4616660762073916, 5.4965618731137499e-05, 0.00015071075782808457
87.756507557728014, 8.0311337477644873, -5.5560665940097136e-06, -9.4050782111371715e-05
76.224212467830739, 7.4903973319197856, 1.7733558912990187e-05, -5.6593812151111463e-05
77.854879965145457, 6.1668371542578315, 0.00019652793068890246, 2.6677304855340603e-05
83.18461632675087, 2.4433041940854001, -4.1188597152295358e-05, 7.2004674768756194e-05
87.892487843727125, 1.7282333390052016, -0.00015406889829753712, -0.00011647532499829226
77.614591627033789, 2.8549566840031835, -9.1758616908686812e-05, 0.00017068969978169428
77.026419610384139, 17.314845373933824, 0.00050332488521850113, 0.00048962426256714785
76.315596395394039, 9.7997810284780993, 9.4138661445204905e-06, -0.00019836966596212721
77.19296719096188, 4.2994575395791026, 6.7864157812436594e-05, 3.7769206383442133e-05
84.168443436390859, 4.5237361612248916, -0.00032791803367384227, -0.00021830419587373658
80.456523492706395, 12.385087293119174, -0.00037574158882059788, 0.00030079559306490168
86.237742736655292, 3.7746750521720158, 0.00027760871605709815, 9.4138937139850149e-05
85.460830158644626, 7.196376767838129, -0.00029955761445862156, 0.00043774149238867785
85.209737967136633, 7.7471866581380633, 0.0002779907184022732, -5.1193425964750773e-06
84.973930887390836, 4.410054639937699, -9.1989781414865082e-05, 0.0001926100811247774
75.611901420359757, 2.1245332481262618, 0.00019053193624340753, 0.0001625224379422832
81.559194741654181, 7.1585547011661941, -0.00027253876337233953, -0.00010384189119207502
85.923207158130921, 9.7870451235772755, -0.00012743822111610986, 0.00021370554797630923
74.890148310807731, 8.0406395703918569, -0.00021515095123904906, 0.00016875995610478404
81.060134815208812, 6.6540853537698776, -3.4922217658449826e-05, 0.00014761636918186419
85.863020887134937, 8.376261468895903, 1.0294977661881697e-05, -0.00018051509163979039
84.498239265975997, 4.2023082167244574, 4.5187787871779122e-05, 5.724346980432105e-05
76.634627375146451, 8.8428833647512093, -6.2984968978597249e-05, -0.00027795972529434714
79.40633896548276, 12.709426044121958, -0.00019345619524092334, -0.00040322907499002478
87.512354790679481, 8.3718488888229015, -0.00013282603573674923, 0.00026874547215551426
88.176607233153263, 6.3978387971198263, -0.00018804355887783205, -4.2479032692359085e-05
86.19524130206203, 1.9865211466889396, -6.1194924316159498e-05, -3.5148987024738603e-05
82.483616482662242, 1.8536100655096237, -5.4168799431648843e-05, -3.7780010014959918e-05
55.863823758548143, 30.748572468736011, 0.00011080061702655422, 0.00110704819730495
87.72161588857611, 6.5819243383605741, 0.00020920375782972384, 6.014481619210539e-05
82.642109122561436, 4.0704614910882304, 0.00019675071248090987, 0.00013848464385210816
86.759260818848418, 9.7786648684563389, 0.00022888169764166401, -0.00012456491485575685
79.580897093246463, 2.3779181225823747, 0.00014256192906114915, -0.00013000213961805073
78.306345022746044, 13.00008701319236, -3.5497072817313698e-05, 0.00011115596387420167
80.469443484450068, 4.0932359133764997, 7.0064653192453101e-05, 9.8923148819867956e-05
81.922779034261154, 10.029716485384094, -0.00054539584077641264, -0.00013802071590198172
88.485172202651924, 2.8854556824058464, -0.00020805405309567808, 8.6290230036940643e-07
78.065006295078419, 4.5300461979327169, -1.473516663021265e-05, -0.00011766529569820149
87.157034420071085, 9.6325985325895083, 0.00016000195191419921, -0.00034277507144132803
89.726251464991279, 3.0342020591186856, -7.633990709924495e-05, 0.00013063651599950357
83.669009223283226, 7.9318068792664143, -6.9504675043460045e-05, 0.00011376908936962208
79.341205625339228, 7.5507299372381933, 6.9446438440048182e-05, 0.00026941696401144947
72.629245924658406, 4.5125567217959848, 7.3518400814792065e-05, 0.00017172546465906222
84.094403214023444, 11.050973305538172, -0.00039665535991660822, 9.3509970184810109e-05
78.35927157395885, 18.443034250983434, 0.00012492792205933773, -0.00048793736993883149
81.922508773099693, 9.2228347460579396, 0.00016642384174285965, 0.0001143946055721918
81.33536571051809, 24.671260023000951, 0.00031721361593671564, -0.00038122731298516398
80.177916160516659, 4.906874195963681, 0.00026339132038383174, 2.8052713015558212e-05
84.108030667585226, 13.887011316496817, -0.00015045593120392495, -0.0002768673636560607
75.444137244077453, 3.7527541689295645, 0.00027219566708082171, 0.00025109318214841178
71.647386600070377, 18.313506658587727, 0.00019730879138911032, 0.00029500077654842909
82.92528544867379, 2.0038612062950585, -2.6572524834318443e-05, 0.00016804274335973458
81.125728248341417, 6.7700418085509, 4.7952770213404582e-06, -0.00011740982219886627
82.68251721235292, 9.4093450499548013, -0.00029449336089903933, -0.00014703778424449951
76.108935351803055, 8.4140784373509252, 9.6211770640117303e-05, -0.00018219872075863608
81.074488339641277, 12.869207415341323, -0.00023690485254015628, 0.00078480292890951325
89.588751529803162, 2.5481341586934443, 6.0630290031252047e-05, -8.2601750377391795e-06
87.136676705720404, 2.4213477264329617, 2.3782621589948096e-05, -2.741274890383512e-05
83.562912537557295, 3.3282248536621508, -1.3336583094784766e-05, -0.00016695560019772026
85.262584197930323, 2.9893792435466664, 0.00011383138071355706, -0.00027919685559463475
82.753877252185717, 10.647994624342314, 8.4402879963861132e-05, -0.00014541669737017855
78.327457647112695, 5.0838988042676236, -0.00016144909240762694, -2.0277490736246387e-05
84.51837826385443, 10.963627936649628, 0.00027865833832150502, -4.8148299584800192e-05
90.787755165818325, 2.830923725970353, 3.5787103069869895e-06, -6.8694410264101124e-05
84.534228385273551, 6.2652087924208235, -0.00020758497516786058, 0.00042602952983493046
81.238632939189515, 15.337971481128994, -0.00024698391255592247, 6.9632251075540458e-05
80.45846598193134, 6.3277665455145948, -0.00032411518126998506, -0.00020941489179286717
75.710884794576472, 7.6358624162922943, 0.0003653564007485768, -0.00016150177409203487
84.645391776027154, 5.0914957996767392, 6.9556401365760393e-05, 6.7758056670122209e-06
75.729256252846326, 1.1491942223230174, 4.0490245102782573e-05, 3.2404545794720078e-05
75.945797537333803, 5.5873798241305748, -0.00022839007510090266, -0.00018564919185177836
75.306639301893341, 5.0240382695126691, -0.00023927705096216226, 0.00010724115084394855
82.69201293277753, 3.981312376238999, 0.00023083236999145481, -9.9270459482140517e-05
84.107156449868398, 4.9431015786077026, -0.00027986996967559522, -4.3925581975634951e-05
86.05347375810527, 1.856830433313776, -4.745042581733105e-05, 2.3350455024300623e-05
81.421352625580695, 5.7930929965121667, -0.00025572797778350436, 0.00017968737422764498
77.683144696988052, 8.098466282944111, -8.0304280831367759e-05, -8.9792380918805962e-05
74.577571944743553, 13.32819539072621, 0.00049388704100438439, 0.0001119422243138218
78.820355379623905, 10.048475934153601, 0.00040679518235905591, 0.00021181152699577564
78.847317005174332, 3.9520218693684925, -8.5572262464290874e-05, -9.3335260694701883e-05
77.407073099194406, 23.386612086966068, -0.00027614458018096678, 0.0006314122540066944
80.200654936749189, 10.05487156111788, 0.00025067957444791021, 4.7916284898196526e-05
89.940105800965497, 4.2303772706905809, 2.4933509959436268e-05, -3.3729244926323112e-06
89.613336436626994, 7.6023972198679646, -3.5517061984082071e-05, -0.00016936000945577093
80.260674516671116, 10.983407778189129, 0.00020213035665377801, -0.00019129956257912112
83.968838496286978, 2.1932578645491749, 0.00018743293303159607, 0.00018624682630359688
88.215559726353447, 2.6159969424969529, -0.00019564840950966051, -0.00023399049369924324
77.021528789253537, 2.3579538415857404, 0.00040835945590062629, 9.4217411020212582e-06
78.634613680307496, 2.1897902379741554, 0.00013994564858028883, -0.00010291743158539737
84.10435083244046, 9.4646682991144573, -4.1350540153995211e-05, -0.00058255548734938069
81.631563998565142, 8.7748565667926819, 0.00036559378637833554, 0.00017228107495929126
77.729101871960296, 3.2732086300497869, -0.00024411612159319217, 2.0979551435063682e-05
79.558907416132357, 13.043682216177285, 4.3538401516526986e-05, 0.00032114953649586586
78.18310936082932, 4.4138227502446554, -4.1573992615359126e-05, 9.8603832274086662e-05
87.988277383181611, 3.0028969721512242, -6.4019623501389338e-05, 4.1022208833779941e-05
87.163577259041304, 4.8621084770605956, 2.6752384084623824e-05, -0.00018372067504789861
74.726609203005737, 18.706168579375191, 0.00078235295986230015, -0.00022062632835421342
86.107533504153693, 4.3877204590083343, 0.000249732128197878, -7.5863926448299685e-06
74.93634789226185, 9.4223556395659003, -5.794474709060253e-05, -0.00015346819631845894
89.080461587490277, 5.2904382362860733, -0.00014669217881240406, 0.00021587855203161364
89.520479866940533, 1.6555683346222727, 5.4815246073659309e-05, 7.7887745338861845e-05
76.041743221294254, 5.4488480059297952, 5.5211209403254696e-05, -0.00032071394047939144
78.451811078557242, 3.3255891867611393, 0.0003681666332441796, 6.2886512033393313e-05
88.705165855888467, 4.2400664706533959, 4.7133969437435976e-06, -0.00015429700174563192
73.77071623287469, 21.081774993906173, 0.00012412051879843832, -0.00019882310122076128
82.723838748992165, 7.5037463085609186, -0.00026543336463275198, 0.00026445782781158963
79.788874688397087, 2.2532712664879435, -3.7317422073221976e-05, -1.9637915364243718e-05
86.999311295606361, 2.1394953484313239, -0.00010840951420790504, 8.4269080963614057e-05
78.663812493701954, 4.9636641554196643, -0.00020223822703085824, -5.0205504071780096e-05
74.812894672220381, 7.1029034531031181, -0.00014956156164301992, 0.00012994437962269672
87.273238547149404, 4.9079603270741421, -0.00022216502099373155, -4.5802332599635089e-05
76.299109905232356, 11.551790137312272, 0.00034261691904360035, 0.00013697851060805654
76.538179880741382, 2.6516233933613322, 0.00033600664033870054, -0.00028498189408994516
86.436041403772478, 7.4940384806845488, -0.00010986300765449068, 8.3600862236890162e-05
82.343075272640448, 13.859566949069668, -0.00036179402243025164, -0.00034135748626302012
90.744544443976025, 2.6968216880580105, 0.00017067667324475766, -1.7783350010121257e-05
76.700307702121634, 8.4584108774938009, 9.0461758433167276e-05, 9.8324207556656137e-05
83.871770555316303, 9.5590045193444322, -0.00015804489897096324, 0.00026952138431021245
89.141805853151482, 2.7054194781162586, -0.00012250961880338497, 0.00018094188904869962
81.313894696248582, 8.79515493926875, 0.00019595225176876116, -7.4985993148410029e-05
86.937301908202144, 7.0390139547159025, 1.1931603990742196e-05, 0.00013031425427492132
81.147587453799844, 12.888543754854396, -0.00013526796782822796, 0.00047558611307873042
87.542079076544596, 7.5228641952115334, 0.00013145093107647351, -0.00012723444801136482
76.803398358507465, 6.6956342195544183, 0.0001987708635742184, 0.00026201401525473837
79.585420183686139, 3.3740427872991914, -1.146922886084516e-05, 2.5444038067787243e-05
80.850204410401474, 4.5003830382788061, -0.00017605246481418045, -9.3292707228889113e-05
77.102483155025297, 2.4844219278369235, -6.5500327528417155e-05, -3.7726982907130481e-05
84.106364547954072, 7.3899921323873938, 6.3570963945929387e-05, -0.00029447871889330874
89.110565697454462, 2.3208613306631216, -0.000103894722556047, 3.6570374082123453e-06
85.697971288944473, 2.3198416711419099, -5.9971551733884897e-05, -1.4283861260768475e-05
80.365157272707705, 3.0308879924933954, -0.00015551912472579486, 8.9361785945786439e-06
78.004356039006439, 4.9966324635763266, 0.00014164775871575611, -0.0001272861091257294
89.045545654375729, 6.3960803902153858, -2.0997616910534862e-05, 0.00011497813300119984
76.123542857512021, 9.5035373520285074, -0.00020613995421505459, 0.00021191939083789666
83.292404128804122, 5.6307739389081553, -1.2583924554340205e-05, 0.00034137718273279566
77.375085786446775, 4.2738544404288286, -0.00019995486471081645, -0.00023729363485916385
77.461982405376105, 9.0833343115348626, -0.00019935544821922702, 1.269174033457545e-05
90.587289651825543, 3.2539176024696039, -2.5985041580292943e-05, -9.7092664550950603e-05
75.777898171043958, 9.7793105592097618, -0.00013113599482914601, -4.4257131677270521e-05
82.217573790664048, 0.65082541146735406, 6.7704051488618139e-05, 3.466405754010722e-05
83.902114817464366, 8.6849683989731652, -0.00020741581602367733, -0.00011912616940375507
76.872991335406709, 4.2129094710871948, 4.389319163960947e-05, -3.9591245953383088e-05
81.681396122120574, 4.3585865165473692, -0.00010055988172561668, -0.00016829945668759457
84.259095936906576, 0.36837080149374635, -0.00015374787601162048, 0.00016475219892855955
84.969947015532554, 8.8249114709368417, -0.00010693906328308407, -0.00037393301565615081
82.166365136757719, 0.21460174899424894, 2.2398389983149895e-06, 0.00021368863099594551
90.317516116227907, 2.6657362541389533, 4.2984373549453862e-05, 0.00015084719835801238
76.711903633605431, 1.820259124744936, -4.3805173461167168e-05, -0.00014677485669356262
83.885776982008494, 5.8969598498750813, -0.00017811623942663707, 9.6237502170684634e-06
81.364629261062149, 12.331615483997508, -0.00020269932433012033, 6.9889801024034816e-05
79.145913807439669, 6.4666660532163212, -0.00010076036844896436, 0.0001705968096564834
83.178580530161327, 9.2899396266764622, -0.00020907448767212508, 0.0003565183327982473
86.575260274569956, 4.887103897742624, -8.486497448777447e-05, 4.8191168312499883e-05
