222.8009586397225, 0.73711992843235019, -5.9259912766790729e-06, -2.5871514696003167e-05
236.94966298648802, 1.4767246544684278, -1.7913289123742237e-05, -5.0468252132861578e-05
236.18654072633217, 0.77779725753367113, -2.4200329794823956e-05, 1.7467513146587943e-05
236.88136896357176, 0.96922576819779283, -2.4203286492209596e-05, -6.3618930214693884e-06
230.52934014371047, 1.2952512197499084, -7.464803610692221e-06, -2.1520871813342092e-06
228.49314752819907, 1.0617597952368065, -1.3221877125409035e-05, 4.9338789367607848e-06
239.54733216506651, 1.0397780586506289, 1.3541654850842688e-05, -4.0634554772321085e-06
237.79900945881951, 1.0826183783529031, -4.4110104747289535e-06, -1.166806348313979e-05
240.91105075171791, 0.64998680201796966, -1.6408366087916531e-06, -8.5390359307003448e-07
240.86050132250313, 0.58244114519883694, 5.9429348943243264e-06, -2.7794775439978291e-06
239.66131110510355, 1.2120063910386927, -1.656552094812139e-05, 3.0657592293760074e-06
230.17484256373527, 1.0257784589059948, 2.5908446080027693e-05, -8.3758279842999956e-06
233.56593965456852, 0.93835572290178404, 5.3194101286860456e-06, -1.172596964206869e-05
234.99676624704335, 1.7637601047986378, -7.305036200524257e-06, 1.433613569526821e-05
225.61905969028453, 1.4390529899238262, -3.5968118538116102e-05, -7.0557119923254524e-06
235.20137879901489, 1.4891603520272976, 3.6225931253611828e-05, 2.6852511019314019e-05
238.54516611782756, 1.3993433773247155, -1.8948529560676847e-05, -2.5414962056422405e-05
229.76380274861117, 1.4086331793241305, 1.6022334925768106e-05, 1.195351708554585e-05
230.37645019731474, 1.3845909812720665, 3.4172602704521955e-05, 5.6747021642713223e-06
236.41244861961823, 0.83553564558202487, 2.706823762942193e-05, 2.2881615502375613e-05
239.70640650730337, 0.69717888523176519, -4.4703581704604099e-06, -1.873528790061076e-05
233.57631836118441, 1.260645448873843, -2.1530953597054103e-05, -3.1591882354658823e-05
225.93700338737929, 0.85727105837447004, 1.0124915619780524e-05, 7.7415726509755567e-08
226.20074165790447, 0.6626979882308125, 2.550616683586917e-06, 1.5414356382587648e-06
237.13640679547109, 1.0268393036293313, 2.5426013680842751e-05, -2.3946192626185582e-05
237.36260255503143, 1.033155348812465, 2.1142069223162143e-06, -3.6992923533631929e-06
223.10796217967473, 0.18081761886729425, -5.7258079058139949e-06, -1.1628915571943627e-07
224.93364102494152, 1.0143816177145668, 1.7498761198745154e-05, -3.1936574258535222e-05
228.63249598188105, 0.92391526809858027, 1.817777760992351e-05, -3.155682564259209e-06
230.26975351727583, 0.94580362953350683, -4.2759986813019898e-05, 9.5120285904483459e-06
241.53174166852838, 0.55357441494822679, -1.9198494615901071e-06, 1.6647908444800577e-05
231.74260638801209, 0.98154271417514305, 9.8651837073199145e-06, -2.652160750767661e-05
223.04647602486079, 0.4247879202753565, -1.0145658580115783e-05, -4.3977141438911629e-06
237.85628362653588, 1.5523316003206404, 4.6981152351583988e-05, 8.0500723887586387e-06
225.1080854600076, 0.77974495824520729, -7.9597564947605682e-06, -2.9099145875956524e-05
234.42842803494099, 1.1098448069079485, 1.3433672057215813e-05, 1.0243904828245251e-05
239.97643794262484, 1.1020700922331808, 3.1353025430337986e-06, 6.2099718331942539e-06
241.02762217921099, 0.73640572946154437, 1.6252486446918766e-05, 1.8307080063635415e-05
233.27258779593137, 1.2075709441723874, 3.6323102966361311e-06, 6.3391723760449274e-06
239.5600646317591, 0.51121660617747011, -1.3152800751119573e-05, 1.194864172130616e-05
237.30468525757996, 1.013180148494349, -2.3509826936960142e-05, -3.4497366681727534e-06
228.81413310530931, 1.1199081982201573, 8.3609907939214431e-06, 2.3380665050578389e-05
242.23518420364834, 1.0121229329908814, -4.308229514474406e-06, -4.3431091632099501e-06
236.35122889897471, 0.61077244969430511, -1.1717939037593584e-05, -1.101575425974876e-05
235.17888240139843, 1.2528704258389218, 4.7178546310125455e-05, 1.774686398445499e-05
231.46210276256258, 1.208615104043846, -3.4883671430197734e-05, 3.8825279439799628e-06
230.97955427580655, 1.5942475460333891, 2.6143575168601535e-05, -1.8927681642510042e-05
241.34711375440523, 0.61305839126507622, -3.1719054024259106e-06, -1.4057827647664736e-05
228.02553194275566, 1.2380778908868395, 3.037909136901419e-05, 1.8454306385782156e-05
232.29847440832373, 1.2689827154642368, 1.7816446618441902e-06, 4.8952818762777365e-06
231.08518673573138, 1.6069478929424446, -4.3542026569359747e-05, 2.6884965255021388e-05
236.40446152859951, 1.2205631431654191, -3.4526397048865096e-06, -4.3369335623163048e-05
241.42561248093259, 0.6987556977191105, -5.0237037075640992e-06, 9.2093485540794532e-06
239.75035657614941, 1.156243143548384, -1.5388263438977409e-05, -1.2498009634685361e-05
226.06135322955666, 1.1172115762041595, 3.2326145046470401e-05, -8.5823425102257091e-06
232.34466153657846, 1.4760379394179077, 1.3529989364576215e-05, -1.0155479833812544e-05
228.29536889028253, 0.88397283165021268, 2.8581958230675566e-05, -1.2453620508493884e-05
242.13153669632763, 0.11829875844649447, -2.8924870864515924e-06, 3.0296559076460403e-06
235.16101051698243, 1.5955791097678449, 1.3904800851395515e-05, 1.4730808478738687e-05
230.36475338402801, 1.1667274913393118, -1.7193504006217447e-06, -1.9110245185925587e-05
239.94596250918079, 0.78167909048538342, -1.7730100460053814e-05, -2.6237156499660338e-05
230.8699859825204, 0.76811172284340623, -2.1180763849704393e-06, -7.8663810799336838e-06
225.95769205605498, 0.53795926718783704, -1.1984808103119774e-05, -2.1184307079487261e-06
236.78740978986497, 0.9108758716253319, -1.3421787932207453e-06, 1.0017674999908319e-06
229.86155930482423, 1.3135744145097168, -1.4065063012194233e-05, 3.1104963776305662e-05
230.50348794913361, 1.3441553347094872, -1.9654449511829193e-05, -3.2184215367805067e-05
241.26306263391706, 0.60512059076708391, 1.1622787908033835e-05, -5.8448058679889232e-07
229.93004798466117, 0.93108692038270457, 9.6710966556637391e-06, -1.307925063215127e-05
235.87915064064359, 1.3085945507420691, 1.9227647434399669e-05, -3.3272571771878845e-06
234.91888740249985, 1.0424220361204151, -3.0070770280741726e-05, 4.0752322767471291e-05
241.75430332791763, 0.37704499873080927, -3.8236904781197238e-06, 3.9231548697626673e-06
237.68380505862598, 1.5189838128675202, -3.4075767678158328e-05, -4.1414241214801348e-05
235.79931240466092, 0.85830134359983079, -2.3987471393759167e-05, 1.4643015649727125e-05
228.37121485511554, 0.7836301179800077, 2.236706888489693e-05, 1.9636905056790678e-05
238.92282840810481, 1.2188759153417332, 9.891794658914908e-06, -3.0478640602908524e-05
229.95801409692032, 1.2868916302046776, -4.8418186718841794e-05, 2.082799309979986e-05
230.28654473075599, 0.69242676686656679, -2.755553538862844e-05, 1.9404650771620263e-05
231.66749590472023, 1.1278251907628583, 3.1321305850607631e-06, -5.4281949223527121e-06
232.29219236199958, 1.3044718342939439, -7.7010320993562063e-06, 1.4562325284460377e-05
236.84783474832267, 0.95373208654378072, 2.7051115059842038e-05, -1.2039598076582136e-05
240.49277497859703, 1.5297932003582413, 7.0348803775702442e-06, 2.5925564693646613e-05
228.69021975126887, 1.5192647862292095, 2.6690075790003069e-06, -3.0178053965260766e-05
230.40795498761452, 1.1050851836423177, 2.5849740853239674e-06, 1.1960922978798478e-05
239.42014073565923, 0.79983996026678073, 2.4784780539299334e-05, -1.2379801268290292e-05
234.33880199370722, 0.95861973414711665, 2.0891795988678227e-05, 2.6916630934922513e-05
230.41543003653291, 1.1768278723631465, 2.6133851681479558e-05, -1.5174935371102631e-05
236.2427855590858, 1.199537651566623, 1.5013964336350783e-05, -1.6098762120375137e-05
232.06602784071194, 1.039957715066071, 2.7708274612906013e-05, 2.3098887446788198e-06
229.42877055338897, 1.0175628470987854, -3.28054590395229e-05, 1.1823194444781206e-05
225.54953494221317, 0.67902020548232844, -7.246416680333549e-06, -2.1500122444487611e-06
226.27545338564508, 1.0645800423001512, -1.986076761562583e-06, -2.0808515964997115e-05
230.66540592241083, 1.1467877266031794, 3.5082592308427121e-07, 7.2511633040903064e-06
232.65202325516682, 0.8453245556623471, -1.7898705136293807e-05, 2.7841972972039098e-05
232.36065279669265, 1.1184109173207819, -3.0916620506272258e-07, 6.6585319193766858e-06
229.42676341222796, 0.88994622654110067, 1.4203907329983666e-05, 2.1773747280034784e-05
239.05986325740813, 0.98247318131683992, 2.0406656306716778e-05, -9.1011634458759215e-06
231.55037076123389, 0.92727501961216197, 8.075116338063279e-06, -2.9647268275412989e-05
237.95456508578599, 1.1370890078019689, 2.1190095631159e-06, -3.1544759802415761e-06
242.6171953497236, 0.43805703819022457, -7.6039760296894941e-07, -2.116973194252262e-05
241.81048699167289, 1.168602329356019, 6.1110831345445861e-06, 3.5850212214470196e-05
235.48754100627855, 1.0362004000828862, 1.0480281407965347e-05, 1.0168806884168926e-05
232.15605618642113, 1.3270333993737482, -4.5937803085909115e-06, -2.1509007886530987e-05
225.53404003135105, 0.45769187740635786, 4.0279543202983952e-09, -4.047199854819061e-06
241.23043170960935, 0.60371769069511361, -2.0539788619862333e-05, -2.0313089694917574e-06
223.41251303964913, 0.85439677255203927, 2.9974779660636614e-05, -4.0027119942584e-06
242.22725677447917, 1.1772777877043843, 1.7391041693936074e-05, -1.534720333409247e-05
237.87653364944353, 0.61931738176182749, -2.0591285001267203e-06, -3.5353844045791293e-05
236.11432163493379, 1.2935726962143328, 1.5529562670921374e-05, 4.166892001312476e-05
225.6402175324753, 1.1448290820653819, 1.6348195793623842e-08, 1.8292903284528091e-05
237.27794816346858, 1.1726631409162236, -1.0320760928139425e-05, 3.1732621335782704e-05
242.22523739030927, 0.70782393313249903, 1.9963934153918409e-05, 3.0520532852806608e-06
240.52720755918372, 0.71794798818447148, 1.3900925340460136e-05, 9.3332611936836896e-06
223.77370846763384, 0.57184142253284465, -1.6307396543407517e-05, -1.7793790142669844e-05
223.52876825122891, 0.56553487070776831, 1.7815224019257708e-05, -6.7630137280401961e-06
230.38725786710728, 1.4144906232734102, 2.9216145631412592e-05, -5.2557679320500715e-05
231.58584095234045, 1.4001957918670147, -1.8711926801122149e-05, 3.0564097110108984e-05
228.25420007352406, 1.3176421773567621, -1.6472444920163484e-05, 3.6507847546571562e-05
236.89968889440794, 1.1860055911674756, 3.5904732275536412e-05, -1.6811601954943846e-05
237.20695794131447, 0.66246801230119523, -3.1156752767859036e-06, 1.569512858707976e-05
223.38875666762121, 0.89109832668955646, -1.2984540951878652e-05, 2.5145715846677878e-05
227.97552983321458, 1.1764925622146705, -4.0068665754908142e-05, -2.5915715976293469e-05
230.56464978021671, 0.74511880474211978, 1.4105099147798625e-05, -5.8265725499128572e-07
227.66146887578643, 1.1375741946934286, 1.7247008106848549e-05, -4.3448832157402294e-05
230.1548261093877, 1.7273648135482413, 1.4292952387391769e-05, 1.6081216273618535e-05
237.23550597017137, 0.79583794993214063, 4.8159396216244492e-07, -1.2793731464855038e-05
232.24775170922157, 0.72908061845221095, -1.9827880463134294e-05, 1.6920505034140688e-05
234.53818920187683, 1.2769541384949545, 6.2758900311980482e-07, 9.2947930404453696e-06
236.69715918282307, 1.2104426286145946, -1.7213953771892427e-05, 7.2303323869950143e-06
234.03975322658243, 1.4734932581287012, 5.1893705828958297e-06, -3.5121025222031133e-05
224.91520157567655, 0.76136264224769135, 9.7763238296266772e-06, 7.8799700220596453e-06
232.53933399409172, 1.2801474344861694, -3.982596936207726e-05, -1.3093886334477514e-05
236.56568360502564, 1.5075859853799205, 2.4779611305743928e-05, 2.5155459072029887e-05
232.38799824061635, 1.0934146204887472, -1.6324658170842857e-05, 1.1174202476845711e-05
235.62391454485862, 0.73113461478324782, 1.0824611999946265e-06, -1.6268127352360317e-05
238.59070285148755, 0.85195529523195335, 3.6844994851064388e-06, -1.144014458546643e-06
234.00457797731644, 1.1525560277881057, 7.7072069346117607e-06, -4.5960657026615995e-05
232.42060546466661, 1.1129558366071786, -2.4606770306389541e-06, 1.7621572592922498e-05
230.18057722723486, 1.4037131797692797, -2.0722074018519842e-05, 6.4493108397932703e-06
240.34333017704401, 1.7853021266471409, -5.2862010391320369e-05, 1.8434465939385666e-05
241.68304971508113, 0.12633663053774427, 5.9514893724756925e-06, 4.9459284001277707e-06
223.13902182246301, 0.22972059126452377, 7.1273264683511106e-06, 2.0972001132288097e-06
222.53834128959033, 0.27855757017235799, 4.2162347500698688e-06, 5.9003432171057813e-06
237.65238160497836, 1.1139289257833807, 2.5094418204517698e-05, -2.7973148992511726e-05
224.53293924688336, 0.6460025204307458, 1.8514223863628135e-05, 1.0257286376084115e-05
225.27578362233456, 0.55097586202521465, 9.3073082433195533e-07, -2.3975453494255887e-05
225.47985162479188, 0.83980193181407359, -1.1527852133789715e-05, -6.6064093718452273e-06
224.02691555716376, 0.99776264538959969, -2.8138547688538853e-05, -1.0270478986981221e-05
238.87684963520118, 0.89936484888495594, 1.4759719760625237e-05, -6.13230295185005e-06
231.55033360800334, 1.1301851716498681, -3.4774995414918069e-06, -2.9430197289139328e-05
223.12767711950372, 0.94616848792127106, -2.4114372065706922e-05, -1.3051827461537306e-05
225.22981721711187, 0.91081149279348916, -4.4812273974927126e-07, 1.058136896850213e-05
229.27167619765623, 1.1525632362990681, 4.9550674202259652e-05, -2.8932926709605199e-06
228.51278119305937, 1.1774957671111332, -2.8452725117767462e-06, 6.2557894195647069e-06
229.05659075810058, 1.2803386711616453, 8.0195468783684933e-06, -2.2698690266783157e-05
225.02097682042691, 0.82626632882755369, 9.6215039813758938e-06, -3.3737326208704952e-05
242.02850662306309, 0.232742655402293, 7.8249026272909174e-06, 3.9105321667080697e-06
231.75332344017738, 1.5679913515824708, -5.216563769515118e-05, 2.4933573524770468e-05
231.12374665430644, 1.0857208113670886, -3.3584164689105133e-06, -1.6890866510050951e-06
240.57614096766565, 0.94124304196033437, 1.0224398171901024e-06, -3.0535448826978287e-05
236.74427726683814, 1.9292261519102594, -3.0957208686633094e-05, 7.3205822165594887e-06
237.99669694711122, 1.099559341370649, -2.2041572573656918e-05, 3.1122953421355901e-05
237.65934602054031, 1.1786433725254568, -2.4846689056550983e-05, -2.6425913108540224e-05
234.29977981891057, 1.3340517294921386, 3.1758023599463593e-05, 4.0236246199023427e-05
232.67051038641785, 1.1419666300281299, 4.47440552229754e-06, -1.7015902080414485e-05
226.06909363058264, 0.84957778407890416, 1.5367119692236681e-06, -1.6932001583304878e-05
230.88221868766016, 1.1016841234780921, 2.5791903009474024e-05, -4.5331818321462971e-05
226.00831493743735, 1.1045575225972897, 2.8126198556542848e-06, 1.9569260900451625e-05
232.50817145900027, 1.1522372101320308, 3.815343155969635e-05, -1.4431458424107907e-05
232.3269178559724, 1.3284170978161771, -3.3426220307900193e-05, -1.8404618337289414e-06
222.88962847322961, 0.41813530584133773, 1.9674319286456572e-07, -2.482094943794432e-05
239.75269339262772, 0.52523991370005163, -4.534020284838259e-06, 7.4662817038350815e-06
225.74280422802738, 1.0520812156505372, -2.3869205697796017e-05, 4.5191617874208604e-06
242.05131940098585, 0.32802773313054046, -3.8451680466300379e-06, -2.4855876643130444e-06
231.33913356477777, 1.2070587480625223, 4.6529287079931173e-06, -1.9329642474244745e-05
237.13272696705374, 0.75744094971906917, -1.6707513325526994e-05, 3.8142135532620519e-06
239.09889443337852, 0.87063628345544963, 1.5514743724178984e-06, -4.838513839954769e-06
230.23004704336947, 1.2713706955590791, 1.8046764740264285e-05, -5.048647826469278e-05
232.01875624132242, 1.1328407546437531, -1.1803085416441351e-05, 2.3305125955225631e-05
230.31965239453649, 1.4983162520782862, -4.3817164579797968e-05, 1.0176374829220873e-05
223.00907542401899, 0.72747146798802598, 3.6485948830965184e-06, 2.4334588807912053e-05
242.59059249255475, 0.28153336989760014, 3.2594730856442308e-06, 5.7310157077994138e-06
242.84081587478258, 0.75290397599973646, 1.7699005215210571e-07, 9.9476663438518425e-06
241.82984815162283, 0.20448518771589796, 4.8133922184880528e-07, -3.0694395087228308e-06
241.48247260491527, 0.69001776535995618, -5.356818899097763e-06, -1.361887659452608e-05
237.17105427115663, 1.5493410762701636, 2.4980892059185287e-05, 4.2927653486403354e-05
234.89832952835366, 1.1349049787284013, -2.157815720896427e-05, -2.8839504102439461e-05
240.37598332447604, 0.66415300810020272, -9.9219372063087167e-06, -1.5901217821038064e-05
242.05698323231294, 0.78280694642419724, -1.3099673696270053e-05, 1.2989843880338564e-05
225.33225202607332, 0.98282505654310337, 5.0838254125690382e-06, 5.1078947085352263e-06
228.75361961764449, 0.49871356939855643, 1.6711428659559158e-06, 8.7462412820879193e-06
236.37391459467815, 0.81214057743930745, 4.5211196205045024e-06, -4.4939673173224727e-06
235.46016965271522, 1.0530903176650868, 4.0320937186637391e-05, 1.1932346949555523e-05
226.28450327147547, 0.63923821427112715, -1.1590520061460996e-06, 1.3841021298670151e-06
237.56953994530755, 0.9852401019702528, 2.9872467232670163e-06, 3.4509958922226231e-06
230.95306154256073, 1.1962875499290944, -1.9478209177512153e-05, -2.1551519978766859e-05
238.80159074239586, 1.2704605172581036, -1.6395323137884301e-05, -2.8165081063937933e-05
241.16301008604427, 1.2874524486688304, 1.7331860233638402e-05, 1.2921249371882153e-05
232.8862761713338, 1.3304422877404638, -5.1196838538396376e-06, 8.5516119401478006e-06
241.58831152520008, 0.75686100559445879, -4.1476798453175702e-06, 8.9852817650228021e-06
235.06496088364935, 0.86455788118318666, -1.3600007408068018e-05, -3.6043973390981656e-05
231.36120764964355, 1.7694071866948089, -2.0745416710922532e-05, 5.8743914888630217e-05
230.86463976362401, 0.69718775013621936, 5.2892359494783144e-06, 4.1695886444558221e-06
235.04256708428787, 1.1870867381733725, 2.7454057715360328e-06, 3.8978580204896352e-06
234.47991563081391, 1.4655384284192325, -2.3710357857293903e-05, 1.4668540100500544e-05
224.63807900913309, 0.54888800088625345, 5.9000125495566454e-06, 2.9369356309211852e-06
226.88636004386518, 0.88822637898161472, -2.8338730685292506e-05, 7.7185110604570655e-06
228.04734020066508, 0.82892031956310497, 1.0590293065151879e-05, 8.7742192345621477e-06
225.27706316507485, 0.92978382047275954, -7.1310345101759703e-06, -2.487371680390067e-05
233.2516142681217, 1.0959432247113035, 5.7029858899502742e-07, -2.743012080344893e-05
227.93266798054319, 1.1472928077161892, -1.1422926004157859e-05, 1.3203528034541243e-05
233.74911528094361, 1.1606639843192279, 2.1676531126843571e-07, 1.3799951706829021e-05
232.4781463703786, 1.2329862291716349, -4.1550646997761878e-05, 1.3408407730144041e-06
242.47911952603062, 0.054390284036559551, 1.3815844016859075e-06, 5.4302973807032734e-06
238.58742747388382, 1.0609502884681323, 1.0506678698232732e-05, -6.8720431506685145e-06
236.84480706863337, 1.1284794672935639, 2.8678033741169674e-05, 1.5076521542168687e-05
239.08468922367587, 0.54384365619487929, -1.5612305844255025e-05, 1.5858924741790456e-05
236.85168880895063, 0.96915857489042956, -2.9883413584372042e-06, -5.3513350141147849e-06
241.22188737678186, 0.73054398445457869, 3.6214381697704987e-07, 7.1983353331604131e-06
232.94197319321501, 1.0923253518789449, -2.362670015021726e-06, -5.9005662886027372e-06
236.11727449310706, 1.3251786201568927, -2.2229554132197874e-05, 4.1953767487218682e-06
240.50913464270587, 0.86334232287837387, -2.5798965025358746e-05, 2.0580640164162561e-05
235.86308471533002, 0.88327922203083653, 2.5794165503681497e-05, -6.3526320841942415e-06
233.53156068532468, 0.68163069588173109, -1.3565669294823253e-05, -3.0445708401999432e-05
228.65740632139452, 1.2227628106438373, -2.2845498442858767e-05, -2.1258180980088492e-05
224.05816644647925, 0.71231012460995591, 2.1323190197129292e-05, 1.5349959604815804e-05
239.75916620883646, 0.99218010488188335, 9.5291650908321704e-06, -8.8117850363206371e-06
238.95175233468589, 0.57248226717513206, -5.385086678219443e-06, 1.130776893666363e-05
230.32535927119673, 1.3951643991337974, 2.4583355765745661e-05, -3.4969237177677222e-06
229.01754043089102, 0.78870221796293194, 1.721926550892244e-05, 1.1400664148054326e-05
233.13281260361614, 1.0984388265787797, 4.0018786849122068e-05, 8.4192187623372316e-06
224.76482533010835, 0.63594826695312789, 8.1343294166055373e-06, -1.638590681861046e-05
227.24406549296842, 0.92626582757421516, 5.3609573784496654e-06, 3.3875170343804976e-05
235.5291206386579, 0.95379947209484195, 6.7017777621577986e-07, 3.3241232825398463e-06
224.63104959210131, 0.76681224992745078, 1.4152946142644409e-05, 3.7612791246482576e-06
225.43320218259981, 0.66556763113019668, 2.2718544803345058e-05, -7.4895385652744074e-06
238.35756262234494, 1.1962977589378905, -2.4385234493292603e-05, 5.6929921497768306e-06
238.50222781270642, 1.2489376044437361, -1.6797748638610544e-05, -1.0126227947263483e-05
237.84526923837817, 0.83362401256103902, 2.0755539536967789e-06, 2.0835484676840857e-05
234.87483011253579, 1.4365982649191167, 6.1918401895412648e-07, 4.361960474258527e-05
237.54589600807361, 0.64586235631564204, -7.1273706192463455e-07, -1.697717087412172e-05
234.90100757456923, 1.3261786896617751, -2.5799411714731391e-05, -3.9051359128491162e-05
236.88623217679537, 1.0349018273553852, -3.3593645212057808e-05, -1.0634221439233735e-05
233.97642528759903, 0.72704492851308189, 8.7302199775466096e-06, -1.9978431767492494e-05
225.81129362400267, 0.92115770947393438, -4.3161515845996282e-06, -2.0620875870176685e-05
227.54013289545841, 1.0203937020842779, 1.7742842562654063e-05, 3.5447509352586931e-05
232.81859392641883, 1.2688763442104429, -4.6100498916625862e-06, -4.6486280332572004e-05
232.43534991825317, 1.1814933083650132, 1.0682974043020105e-05, 3.9081987133646011e-05
241.0714451382045, 1.0039927136488869, 2.4567549009625668e-06, 1.235515472321292e-05
227.33253767258699, 1.2220658253883474, 1.3091888508503407e-05, -2.9159942388896543e-05
223.00139154372039, 1.1521292633474558, -2.5848608736611032e-05, 1.2357934773976793e-05
225.77365327691388, 1.2001784079457745, 1.3583164668116562e-05, 2.355041958691459e-05
226.75620570626589, 1.8674999959080671, 2.5537421745313799e-05, 4.6419625683389638e-05
232.03700284470139, 1.2327832829698631, -1.4901659740297073e-06, -6.5854060915440991e-06
234.86330261361695, 1.1619522643163815, -2.859101363117544e-05, -8.5521256704096293e-06
231.33396902488821, 1.079387705868972, 1.6651629855226359e-05, 4.6006207215429602e-05
222.80552844367909, 0.51892697179639036, -1.0219338499434169e-05, -1.7294892867981123e-05
231.33247288867403, 1.0949298379587014, -1.4268281336041733e-05, 3.8616431333914259e-06
235.90442907769528, 1.3814999759269557, 2.015733300995922e-06, 3.5359343487325782e-07
238.6557070316023, 1.6106024257748499, 1.0391294186661398e-05, 4.693573591692849e-07
227.59928078917471, 1.047213394012442, 1.9379702076769851e-05, 5.7518335568820915e-06
225.5252386999922, 0.56609671609163736, -4.3898139886561636e-06, -1.845911927503709e-05
235.56637662450467, 0.7563846686086132, -2.4725534340879545e-05, -8.0374123238341956e-06
241.12082614602355, 0.97543678562588521, 5.4865157343976968e-06, 8.1757592158731873e-06
236.27151767535608, 0.78768136428107527, 3.3516237016007226e-05, -4.2009109648970937e-06
240.92902111790505, 0.10689914048961652, -3.1250022620424479e-06, 1.0301018430350169e-06
240.8206745058252, 0.85253552997343895, 3.4348294334301641e-06, 7.2717527677541463e-06
233.57810568258461, 1.3493643462903813, -2.1297935660816143e-05, 9.8854494076326299e-06
229.95125035913455, 1.161400896560344, 1.0485983294441954e-05, 9.5916201548955669e-07
223.37316014145409, 0.44253991590628317, -9.387503975369951e-06, 5.1598729236415068e-06
225.0724767809306, 0.51429295278896847, 3.5117979626715438e-06, 1.0350494760387137e-05
238.128298790961, 0.80738978608347756, -7.7530992653490908e-06, -1.4235357935026635e-05
236.58300981906973, 1.3641366098476582, -9.5371512302446141e-06, -7.5315693961344194e-06
239.05528661557753, 1.1395924874063033, 3.1270683704479395e-05, -1.4677352910961659e-06
240.47835175797505, 0.57994467338554267, -1.316022615379288e-05, -1.3483081867116869e-05
232.00490532006521, 1.2242641210076257, 2.2050780290072383e-05, 1.5010748987198441e-05
232.30963619484322, 0.83953142323309449, -3.951193903444613e-05, 1.8760973129676002e-05
226.95496465321864, 1.0399495573490445, 1.2425203761038481e-06, -6.9889355745092165e-06
232.80226769037839, 0.89836994470040132, 2.2990125373351791e-05, 4.9165530428870097e-06
239.89393475010269, 0.63518638760282731, -7.010367845748927e-06, -2.7645783237824184e-05
239.57684325609753, 0.76363038942473849, 1.8223960577843028e-05, 2.2878810016201591e-05
226.79597830138275, 1.1237667360887598, 4.1637119205673417e-05, 5.3296036959957822e-06
238.97302138335243, 0.75556300289527145, 1.2497760512374468e-06, 1.9260595525473477e-05
235.35899991216732, 0.99814035813896596, 8.8675785138090604e-06, 8.2990225901075322e-06
231.11803382674728, 1.1413661918872451, 1.8305128541638022e-05, -1.0597483730643412e-05
228.49458194628315, 0.93449660612484697, -2.4058916868061175e-05, 3.0796750818559297e-05
241.90872600834081, 0.48521342003507512, 4.4527958143674948e-06, 1.0390405634215536e-05
240.62084104721498, 0.50696737355628307, -2.1806142289803499e-06, 9.9842639014216993e-06
236.43091227584534, 1.7215332457343033, 2.5306917540597375e-05, -1.3958182373054562e-05
233.2111621421931, 1.5844993858090621, 1.9714961375639431e-05, -1.3396088526878763e-05
238.40366515139897, 1.9101527323096488, -5.9035727936762985e-05, 2.842728885576777e-05
236.21234697773158, 1.2291903260749193, 1.1049200080728833e-06, -8.0897692066957041e-06
224.91347219259188, 0.54383085026519018, -2.0356428204862672e-06, -3.8277608765308135e-06
240.39761039899244, 0.44773699376773213, -1.9385010653937237e-05, 8.6098855690445158e-06
238.45926368600863, 0.8994211974720836, 3.6710405859281756e-05, 4.9370114899734081e-07
234.71994502441777, 1.38803788969921, -5.8735796001063819e-06, -1.1906238914015691e-05
236.97310704306304, 1.2140614384153907, -1.159034661574327e-05, -7.2742629599103861e-07
231.31003802364694, 1.2147354346795238, 1.8022882845508756e-05, -4.872865172911686e-05
230.14287319655145, 1.0803948325927468, -1.2524607854809544e-05, -3.4648481400491381e-05
235.46219441533478, 1.0135328188855213, -1.8637460043266073e-06, -4.0824850988987354e-05
231.77675170627353, 1.2428703125316249, 3.8427555033533412e-05, 2.6503044829931688e-05
225.86927255914955, 1.098508338186087, -2.1903175011556689e-07, 3.5781611044192155e-05
237.39001356507828, 1.9738385659754163, -1.6966711780982109e-05, -6.2044053871765519e-05
229.28638945946693, 0.87300241619520946, -5.1081577815238006e-06, 7.3184058543244394e-06
227.06983133524619, 0.29879878910686658, 1.7444614599249397e-06, -6.563146474920351e-06
228.60706532607753, 1.0641287727323443, 1.4606128941622489e-05, -1.9944035089227687e-05
241.60113507553885, 0.82881525711001236, -1.0967897603896274e-05, 1.3210790616871297e-05
237.0957930821385, 1.2388049896124851, 2.103197450433217e-06, -9.5806864875201547e-06
240.43659380530801, 1.3767489844341754, -3.7268497666802418e-05, 5.4622071999027833e-07
229.23779848315337, 1.0918810068430194, 6.6908542576304451e-06, -4.8030066718953017e-06
241.15124333901616, 0.44006257800858467, -1.4823593715174499e-05, -9.5978754923196013e-06
241.80215852229188, 0.70642710619994264, -1.1381321105824823e-05, 1.1066325602557708e-05
231.30060733411526, 0.90676079083838168, 1.928368367782936e-06, -3.2537231775576138e-07
224.10419063401017, 0.72733270315453213, 1.2488750959813932e-05, -2.5224914835299431e-05
227.84323711265426, 0.98104631178849988, 3.7786711013906958e-05, 1.8982719314246315e-05
228.96598107215183, 1.2503391692767318, 2.8192239102932375e-06, 2.2810020039331688e-05
229.78824320929502, 1.0060651776175273, -2.5759770421746539e-05, 3.1673092196115176e-05
234.44648266699477, 0.82756758698704569, -2.242133443896318e-06, -4.999592790176065e-07
237.37847571641524, 1.2108434158729038, 6.8860790894228514e-06, 1.6667851678363035e-05
223.78469853350882, 0.4420134899848297, -1.3994816206635458e-05, -1.6062624889587659e-05
225.69266250510461, 0.65300393835660975, -1.9869833540767231e-05, 6.6705667832275194e-06
233.81526828274446, 1.0892870909470789, -1.2889785625886211e-05, 3.0416820615331612e-06
229.2974597569515, 1.3750236648074132, -1.3134349715252544e-05, -3.1791673488926623e-05
239.22035335272014, 1.0637448089099988, 1.5200745125475e-05, 1.6839817953686854e-05
240.03569560415212, 0.75640475106860638, 1.6317024500118998e-05, 2.0758579778852122e-05
232.75749273330396, 1.0071121484797361, -1.3061863518310275e-07, -1.2507794515292459e-06
229.07804977512126, 1.2247468619693425, -2.5884010528500972e-05, 3.7038043114958591e-05
240.49854563659136, 0.8816551757025396, 9.1515402637339198e-06, 2.3174034855104787e-06
241.52577832746104, 1.4438841449805897, 4.8037799270187776e-05, 1.0430431859576005e-06
233.79167066718256, 1.1886628664398242, -6.0230676408003863e-06, 7.937174019668347e-06
241.1787044574084, 0.89676194364218964, 3.3724166811918262e-06, 2.5530355484061608e-05
226.64454824924309, 1.1229494680431922, -3.6211536404175014e-05, 3.6684078042541657e-05
225.93099792084686, 1.2837383338527482, -3.4540703042980974e-05, 2.0364456460776207e-05
228.03246424682806, 0.58612708112355927, 1.2213366735030236e-05, -4.1082336294832677e-06
231.61173779277203, 0.67166116845255186, 1.1993482523869761e-05, 7.3854013200957632e-06
241.53520309801237, 0.34278507388422719, 8.6205854396667703e-06, -3.6956749412119942e-06
240.70650428219784, 0.7247141573137269, 1.5771678782269221e-05, -1.5461281434018e-05
235.20358333347721, 1.0863298357548237, 1.5709739232613401e-05, 3.6624007837682676e-06
223.79213456987549, 0.56442448209796281, -5.036374417843287e-06, 1.4844683688635451e-05
228.79112723655581, 0.73601632522435834, -1.9988806870486108e-05, 1.678107486790929e-05
228.03739221848491, 1.1931834828132606, 2.986711047568392e-05, -1.9511809064136945e-05
235.66537335281217, 1.1998060614253461, -9.9698400222606418e-08, 3.2607091445762551e-05
225.56554012463815, 0.97049834246680045, 1.7974834143110295e-05, -2.0476813036920538e-07
236.80966895841186, 1.3462621437106332, 2.3826204395354108e-06, -2.8803558578382345e-05
232.7081035743808, 1.1446397910119255, -2.177866263267425e-05, -2.2884331189562787e-05
231.80377258439424, 1.057287778927926, 1.3866229614478049e-06, -4.0963407766865996e-06
241.9923469231243, 0.6926236329786003, -3.3042016803504516e-06, 6.942119481968207e-07
232.64051621428086, 1.5203349887264492, 3.8041421532353162e-05, 3.8979298242759713e-05
230.17439584518911, 2.3247626982348426, 1.897169456165036e-05, 6.8833906450995166e-05
243.01722296313207, 0.13454271268649276, -1.4787736995097028e-06, 4.9078501178789291e-06
229.13911931977623, 0.86212984574784857, -1.5862517135591502e-06, 4.0186983417240014e-06
226.20580395029987, 0.89954054435308239, 1.4512234524516489e-05, -7.8008078498327798e-06
227.33482257550833, 0.79003496474923118, -1.5214316140905064e-06, 5.6943578801570354e-06
234.27503419188648, 1.2288388112196567, 3.5050697067944997e-06, 3.1354063281059421e-05
227.48807483698641, 0.74166115824679935, 1.2816014981638987e-05, -3.4361431106735968e-05
234.81817296006381, 1.4576586999386381, 2.0624562684138799e-05, -3.8404944526149127e-05
238.99423512713958, 0.89426912972023065, -2.1924797730242692e-05, -1.8914625038298373e-05
231.53008249995113, 0.78137174716988123, -3.8214131035828723e-06, -1.9748907692377317e-05
229.39756981680958, 1.1084667843024367, -3.099903571083743e-05, -3.8295855206064269e-05
224.03729891470599, 0.79832555706917929, -7.6137347970626774e-06, 3.4687123824144347e-05
230.38145232544628, 1.4860740424374104, -2.2225649849808796e-05, -1.5259859603462488e-05
228.18095914084819, 1.0212312517543076, -2.8123272065041155e-05, -1.956056025112464e-07
225.25487468917996, 0.86109621243310353, -1.8738355685284525e-05, 1.3325214012315216e-05
236.31146630806168, 1.1254577937568204, -5.4470153563291561e-06, 2.3923854593433879e-05
225.41147199346005, 1.046230137244319, -3.2378988756611343e-05, 2.4624858258730988e-05
225.11155738449918, 0.80770415418146113, 1.6274074788064204e-05, -6.1973647277603277e-07
240.73383073219657, 0.261350525590477, -1.0566020446424186e-05, 1.1244172230416834e-05
223.15518197198543, 0.23540169791527785, 3.1231900949483718e-06, -4.0689592505016905e-06
235.42611263748805, 0.91108064227064667, -4.7043919991073107e-07, -4.3841417152666018e-06
240.54656338944028, 0.77825917934898958, 6.580025611721802e-06, -1.2929775114376305e-05
240.22532080031721, 0.69407730674816437, 2.0624425565061771e-05, -1.5487163747752509e-05
236.22649650539813, 1.1344954235059379, -2.3459188465132476e-06, 1.6596203862105509e-05
235.00480028787359, 1.0809873861872115, 2.582801706540707e-06, 1.0305204613749306e-05
223.13466737307908, 0.29746031702502057, 1.4010141407816702e-06, 1.1192513755432467e-05
236.76881229520532, 1.3268747355284081, -1.4316232827877588e-05, 1.3383814402402967e-05
227.26047810831489, 1.1166451951439016, -2.1281098769214428e-05, -3.4500656959379304e-05
238.1304160759442, 0.83316232158661718, 2.9973010779927067e-05, 1.9943183615450751e-05
230.46615190516292, 0.31294418005443536, -1.933336575360678e-05, 2.1410124876554908e-05
232.74186158537105, 1.4646588382285519, -1.432255874729844e-05, 3.5190030469211186e-05
236.80594711952267, 1.1513316911821116, 8.6473101684688207e-06, -3.6877057422017126e-05
241.5927705742877, 0.22541987826445994, -1.2413366365123078e-05, -8.3756113511222024e-06
224.61838652065398, 0.66277093504938078, -9.2551732073118782e-06, -7.6907489890934714e-06
231.86830569359901, 1.4383963229447094, -2.1072780131350549e-05, -1.6780062779762527e-05
222.00896273148444, 0.28620568528473539, 1.0178990443743671e-05, -1.5552719345489307e-06
225.80377027275162, 0.64977903359057543, 5.7468748352764083e-06, 1.9257149754051108e-05
231.69779853148728, 0.99396175455418789, 1.6738682562414732e-05, 6.4245120036813572e-06
235.44000600395043, 0.89398058400254277, -1.2223822902796187e-05, 1.624957946332873e-05
238.87928359069505, 1.2950605286571146, 2.3012758496246239e-05, 1.2676444587938613e-05
223.41116891256127, 0.62150009136450524, -1.788621202115864e-05, 1.2725613200967206e-05
238.42879603301253, 0.55908765591077803, -4.2107555708233067e-06, 1.0046090239687188e-05
241.25347728505022, 0.84371630046243484, -1.5710640018226029e-05, -2.1000639463659737e-05
238.30556737968459, 0.86247049862036518, -9.0442389636899394e-06, 2.7524548790376599e-05
226.30559136784663, 0.47490862687750823, 1.5315630857239388e-05, 2.1618642521635505e-05
230.91679436888379, 1.4644431665354414, -2.0919231640695402e-05, -1.2279617835432108e-05
239.43435375330984, 1.0442229351234056, 3.2502051169454206e-06, 6.112712513088542e-06
224.94260597885381, 0.62279816886112493, -6.2730919468886074e-06, -1.6819839000138779e-05
231.66814425462832, 0.69567971907541148, 1.7959880678262455e-05, 2.9015956089573501e-05
241.21897909549136, 0.71904687110444576, -3.6676147190203859e-06, 8.2037093445653241e-06
236.47131432795771, 1.2326010728909689, -2.8583664547640225e-05, -2.0427360409647476e-05
238.18176061104759, 0.74886594306429544, 2.1641003035540679e-05, 9.2016451946980495e-06
226.30808948435796, 1.2378796016212046, -3.3791158947267609e-05, -1.3709395215575529e-05
233.53350957485384, 0.9565315612700348, -5.2365018055747341e-06, 3.422747451424863e-05
243.23900843444738, 0.48043266902473608, 6.2842965645189093e-06, -1.6194767240152217e-05
238.97547863990695, 0.47616943084856272, -5.2816831107749908e-07, -7.8811236292558174e-06
241.21165856199701, 0.51821964866958414, -9.7849956465292931e-06, -1.298979887958329e-05
238.49903507510891, 0.93615644949666754, 1.1285094783508766e-05, 6.9618140653050078e-06
232.61456207135433, 1.3129147373226571, -2.1821284377311724e-05, 7.866480058604116e-06
222.84011162484501, 0.35328664426906503, -2.2013846159633073e-06, 1.4404450969004876e-05
234.33610517735698, 1.0839594396920622, 1.7896099801845583e-05, 2.0366441427313029e-05
242.18965228879333, 0.47143069035788165, -7.6391185544468611e-06, 7.7557686308875811e-07
237.24183972811676, 0.95806141962374003, 4.1792761894869532e-06, -2.6980336219597033e-06
227.68601020562889, 0.85539082550728562, -1.3337999666635821e-05, 6.5983384470458442e-06
238.0279628353307, 1.1076427864002611, -3.1911306287502732e-05, 2.547541513254184e-05
234.85541337803795, 1.1142653843289037, -5.5737013371220157e-06, 8.1992959234783205e-06
227.83332534149332, 1.1422169033749729, -2.0982038568622061e-05, -1.4288935623943394e-05
227.70462739871331, 0.84878418068762795, 2.1820216792047904e-05, -9.117045519379457e-06
235.61359824831607, 1.5537144900691746, -1.3904369906424004e-05, 2.0386319873721528e-06
233.52886202638109, 1.1513403963295763, 3.4273850341824925e-06, 1.709500868750431e-05
240.16155956916401, 0.67336684305442251, -7.8023219290959731e-06, -2.188745598278559e-05
225.46237417847885, 1.2010635824163418, 4.6909981746441643e-05, -3.1402283979447204e-06
232.4313122447285, 0.90222747823991201, 2.5206483838084546e-05, 3.7567048116526796e-05
230.31701535876374, 1.2100515390090532, -1.4756273317630644e-05, -1.9774102173896138e-05
238.5967569548325, 1.1045723286087117, -2.5644299736308716e-06, 1.4083427584299963e-05
233.86589314854351, 1.1749021557453048, 4.372244210269577e-06, 1.6975764187393005e-05
234.01382641639918, 1.1571047322122183, 1.1143343209009073e-05, -3.7265909094303588e-06
223.78533391414598, 0.3475582392532795, -7.6688023692598974e-06, 8.625706162219631e-06
234.76173112276038, 1.169356579284869, 3.1743954716151009e-05, 3.2075696244526869e-05
242.6217134231747, 0.48006505950897355, 5.7062809502243964e-06, -5.6450182999981137e-06
226.75432698353382, 1.2099954053388582, 7.4570397240800933e-06, -3.1865244338318744e-05
239.99211817716349, 0.73888050282440354, -1.0146895972539299e-05, 1.3253703911076104e-05
243.44064949310436, 0.23365007068655647, 3.7656298308037894e-06, 9.1334164015966959e-07
239.21602357115617, 1.1120627423551404, -1.4491566553775295e-05, 7.0486616078583825e-06
225.76753142365047, 0.7145139198713486, -1.1492217035296007e-05, -1.7808739623582367e-06
241.68162244226932, 0.4997939607474236, 1.3236302493973715e-05, 9.6818929001762393e-06
233.66778309869852, 0.83927510167799302, -2.5509662787076368e-06, -1.5575447273710838e-05
238.40974966472717, 1.2363504200572795, 1.3240272764039346e-05, 9.2557771110626779e-06
225.12866491677195, 0.18562256087251539, 3.9247068291657134e-07, -1.0618464199156909e-05
224.40167612105057, 0.9747186346254969, 1.0840848932614535e-05, 2.8019732642890173e-05
239.76079964020869, 1.0248605955277184, -3.5973691184919984e-05, -6.5217530399848676e-06
242.54971499011444, 0.60226883424172695, 4.4566151205349958e-06, -9.7493521718733245e-06
241.27263075429261, 0.88236741290619458, -4.9962060486581501e-06, -1.3320438186114087e-05
224.96499331810168, 0.88254825909495727, 1.6101273781799166e-05, 3.3712009629212067e-06
229.30586675604212, 0.89999971020784708, 1.1487806089773827e-05, -1.3314664568366568e-05
226.92976065002378, 0.79926867941618218, -2.0600722636388977e-05, 2.1406027104598129e-05
231.39581313051889, 1.1148814833148228, 2.6268237646811036e-06, 1.2525214976171565e-05
230.78408598310494, 1.1820071613695002, 1.7166682933293773e-05, -2.3298461443291078e-05
239.33042599077493, 0.50450169658939148, -2.0829245688821084e-05, 1.7698249193803476e-05
223.51720826652505, 0.75195996317975444, 1.8169726990200683e-05, -1.4621000365399081e-05
228.7692442990612, 1.1230903638351513, 1.940708857938357e-05, -5.522802359059574e-06
222.67917963095778, 0.30203408031151968, -8.329865800227237e-06, -7.9280458092929495e-06
226.06867549861559, 0.98385478333323162, 8.2019071661488747e-06, 2.3381967509560676e-05
224.64023155916826, 0.36098044256455086, -7.0914325056694127e-06, 4.683755504312896e-06
234.90775993791539, 0.81196665694639891, -3.1293318086706423e-05, -2.9594083963950184e-05
226.62896203272427, 0.46152293543596673, 4.3383978760576755e-06, -1.7898405832031527e-06
238.48362633279504, 1.0123339964979818, -3.9313674730647974e-06, 2.1150111705671201e-05
227.78688081705482, 1.0520759741850356, 2.2795863903049454e-05, 4.6677739220655769e-06
223.34273555698053, 0.756208460774072, 2.6997352624317837e-05, 6.4122094007960267e-06
234.39081509673343, 1.3397696894547952, -4.2279867181356664e-05, 2.323317318400429e-05
228.34810744870623, 0.99022844550182709, 2.8403027606677763e-05, -3.4556303410552534e-05
235.37349438606867, 1.0743295630933298, -3.7075965525663581e-06, -1.6460785273179475e-05
225.41693031203579, 0.426587332029705, -3.2215560019485691e-07, -7.7169773047103919e-06
239.79318927947912, 0.62079725981734513, -1.2634868444187141e-05, 3.9440004986214153e-06
235.06598399019765, 1.0415161998812061, 4.0471076355113319e-05, -6.6139603448257324e-06
234.06124266686649, 1.2015931216499109, 1.9700597669634389e-05, 4.5581716985937484e-06
236.71068393057115, 1.0219182516130942, 2.1797467142962728e-05, -2.6796778814600829e-05
233.22743292165632, 0.97147967994065954, 2.4197364815650405e-05, 1.89453788965659e-06
241.50405203547916, 0.54355609443450947, 1.7167585765445254e-05, 1.0181677142072157e-05
236.65400698446115, 0.99727061923247484, 3.8247005280789689e-05, -2.9292004053575919e-05
241.82493581884148, 0.70480374645769828, -5.7666750164198956e-06, 1.0570147809949646e-05
229.85530526886234, 0.54685168099479275, -1.4063782775425605e-06, 4.2915735014962013e-06
222.86555057591892, 0.56645973170960817, -1.4682729382615443e-05, 7.6828709977439019e-06
243.09022677136295, 0.080962027279265505, -1.2781076673341594e-06, 1.2022306854675833e-06
238.4171268659548, 1.1010374594614625, 2.0426705460070774e-06, -3.3304629255133962e-06
238.37512668206222, 0.78101354036436432, 5.7898377266333738e-06, -8.3445942563597747e-06
229.12214028751856, 0.98903585786849002, -1.442351145769396e-05, 4.472103515792961e-06
241.33281693679942, 0.34055096149103042, -4.2673738976994405e-06, -8.1823498105879997e-06
238.10010698146479, 1.2484729685896154, -1.8443899404947962e-05, -2.4075777506413035e-05
232.40736946954604, 1.1577938404916033, -9.9605144301869179e-06, -1.9411645870365716e-06
231.54836701663186, 1.1317261687198858, -1.2727924772776597e-05, -5.9950222800670042e-06
231.44726559142421, 0.98565112992468384, 8.9380250926020028e-07, -3.6651441779183149e-06
241.06601602405772, 0.49585979054439028, 2.9180629071108684e-06, -1.1990615598603254e-05
225.40745483453415, 1.4078041533383567, 4.7173994460120782e-05, 2.2846601969708538e-05
234.61222823750933, 1.4540472571062715, -4.2319943519770694e-05, 1.8306814506583457e-05
239.88376760427627, 1.1342475354262835, -1.9662730606652362e-05, -2.1560894240214891e-05
225.27969544662017, 0.86441378734119856, -2.6685069996705958e-05, -7.8613747017029419e-06
226.91863271189274, 1.0750824578591811, -2.5738067112297151e-05, 1.3229431943221603e-05
223.33132186278581, 0.44019479755227814, 7.8630954972395149e-06, 1.0922740536049413e-05
235.38911671840398, 0.76744662652221318, 1.040517325717613e-06, -1.782480603218274e-06
225.17919465364105, 1.2826737713996217, 1.2392328738544137e-05, 4.7730730832408289e-05
241.1752926757481, 0.69218704230686467, -7.9596031891574944e-06, 9.4207987018960854e-06
226.26544374700038, 0.66832990345758703, -2.9413421165927338e-06, -2.6689957326030548e-06
239.20120602927378, 0.4908835926813121, -7.8215712606550729e-08, 8.1250751943177635e-06
225.60874873525344, 0.91457670685056458, 1.9720198834007413e-05, -3.4371972683020296e-06
229.86898232864598, 1.2777646423218474, 4.3938183260442396e-06, -1.1367743932003829e-05
240.49222498659194, 0.87771963811776754, -7.6393346048487444e-06, 1.6998426284182814e-05
234.53769654716473, 1.1384835939690365, -1.3113386708784747e-06, 9.6978314332872769e-06
239.71759380947015, 1.0717718394804381, 6.9940724806512987e-06, 3.4137328188970908e-05
236.23227016790841, 0.90861451640762947, -3.7262848390349357e-05, 4.9271856306461868e-06
241.63673964386851, 0.96898225569605212, -1.0201193905136642e-05, -6.5916053977141027e-06
223.20550642688548, 1.4048765995980101, -6.7486988943354292e-06, 3.840915600564577e-05
235.51422225587771, 0.99956421271740292, 1.2556269610122879e-05, 7.3409257133164946e-06
242.05536607277662, 0.67811866735813098, 1.3461716262345615e-05, 4.7601035127811283e-06
225.85729369984762, 0.64409451751526625, 2.212374433589757e-05, -1.411038251158046e-05
240.95691897674098, 0.91334384912651545, 1.9818856773027327e-05, -3.0120850075024662e-06
238.78315685238442, 1.1583641830545466, -2.5528312337455287e-05, -2.8992762899834359e-05
229.18092369460837, 1.1845751043204804, 1.4004288347847894e-05, 6.5671341907985771e-07
235.49819722073894, 1.3932476641575207, -7.3990616264439092e-06, 4.5692047357547546e-05
241.96436918285238, 0.27776700948419231, -2.4634028451933268e-06, -5.1407909491099475e-06
228.26881049871147, 0.65498905788881023, -1.1965080369313926e-05, 1.9759791856294492e-05
224.83913634333098, 1.4755872200360942, 1.9816602308467737e-05, 5.5412826581988312e-05
238.47909296468146, 1.1572707418784078, 3.3718424767585802e-05, 4.1600097199937032e-05
237.39986313753292, 1.0473119829630728, 1.5818486463204469e-05, 2.6610001701704174e-05
225.10255903493368, 0.51421248488253701, 3.55596853712471e-06, -2.5253501340344615e-05
237.76370329306818, 1.0454508811422623, -3.7636372702217364e-06, -2.8445973732557421e-05
237.89899742584845, 0.91496994241948992, -1.7036503100413655e-06, -1.0161520907296442e-05
242.99866119316712, 0.51206205301307284, 4.7664670829365032e-06, 1.3914298154057747e-05
232.83067717911416, 1.0333422241427443, 1.1154005386240094e-05, 2.0894758471751895e-06
235.16149204837245, 1.1258846004167369, 7.8994453372798247e-06, 3.3259964021816816e-05
229.2863606570578, 1.1244527054295301, 2.5397227846075239e-06, 4.1819770935691866e-05
231.80286147095597, 1.2583420595325117, 3.1328916883922025e-06, -3.110386335087456e-05
236.22155335446743, 1.1101934165195118, -1.0563032487482219e-05, -1.6192180893483942e-05
231.38374385605596, 1.0386615914973212, 1.609195547178936e-05, 1.990869185126017e-05
234.66931945026266, 0.9175027296102457, 6.2044479159996654e-06, 1.4348744749590373e-05
240.5971814722557, 0.50670217587576527, 1.4178434534158095e-05, -1.9290631113619156e-05
229.16472490289709, 0.67812135536427065, -2.3217878087013885e-05, 2.1325129683166634e-05
226.76686441951071, 0.58707591586695518, 2.7010683542516264e-06, -1.5280934260855087e-08
235.46742686498914, 1.4565128218756578, -2.8190359654372635e-05, 4.0099767190439564e-05
237.30566170359251, 1.0000962394820043, -2.4974719984945302e-05, -8.6865736552151369e-06
228.77950110237495, 1.2425770659918443, 3.0300230555569873e-05, -4.599637631740065e-07
239.88255828811273, 0.64722899556087243, 2.4260541000701758e-05, -1.388857762788744e-06
228.70503900942521, 2.0656128058202432, -3.7271454217458644e-06, 4.3862027371164906e-05
231.6710552651744, 1.2438250748627475, 2.8535858260126475e-05, 1.2528747854684832e-05
235.78193621025247, 1.0529876761599852, 1.8702641940211655e-05, -7.6327966645059359e-06
241.76635111498604, 0.51723686762949583, 4.0307147330638326e-06, 7.3084183343277611e-06
229.2842977956627, 1.5622995161032152, -1.5614882282259241e-05, -2.2651340521655826e-05
224.59508033436637, 0.85794704762162999, -4.7277644308938525e-06, 2.4716229630444293e-05
237.92506519558012, 1.2920600537716664, -3.2477953590390009e-05, -1.9633131149502077e-06
237.83630479871439, 0.38973647036703146, -1.8580132533926611e-05, -1.7928160802939329e-05
242.83859141411168, 0.33183172268938804, 8.2944596837340753e-07, 5.910458904777176e-06
224.35922035039087, 0.1274185610938352, -3.5123582544869368e-06, -3.3989413639744322e-06
239.5114668817852, 0.54641301107688334, 5.7397169726396289e-06, 1.1013434009985094e-05
224.19755233669142, 0.58000806099517632, 7.4236764805099875e-06, 1.66802999248749e-05
237.55943348560595, 1.1732263773881433, -7.3440404844921569e-06, -2.024879983942738e-05
241.13094992484889, 0.71800952658151063, 1.9440476755928542e-05, -1.9918926646980543e-06
238.68409531527658, 1.0780835402002051, 1.7585828524213621e-05, -2.4872159144848766e-05
224.86888685558839, 0.35549210387908653, 1.8923167304215249e-06, -8.3600791214141065e-06
222.61679494317198, 0.47279234508440166, -1.9544822405810988e-05, 1.1726220140140933e-05
225.00433313037411, 1.3015149735419647, 2.1859727319031521e-05, 2.3906519877068909e-05
230.205795927678, 1.1150097235613106, 6.2314406242182687e-06, 2.7697468058234765e-05
226.64996321870947, 0.46675476257085047, -1.0117610761703372e-05, 6.086196911620116e-06
233.51971943300117, 1.1366523592962499, 1.0666852334359771e-05, 1.2731079670890879e-05
241.51519350892625, 0.4570953347575239, -7.0945886446347162e-06, 2.2683697779466932e-07
237.55465202036561, 0.89450948895445548, -1.7728224506436557e-05, 3.2621402924095583e-05
240.28117310498203, 0.66822613191465063, -1.7243889278529606e-05, -1.8599117569693628e-05
225.95695907619771, 0.54906712354515752, 5.8510041398209565e-06, -4.9800168844252355e-06
233.23328662035252, 1.1782675559957672, 4.374144791455143e-05, -2.0488317639588034e-05
229.85615171432337, 0.82533310819234496, 6.4535596006005941e-07, 2.5757393374908154e-06
235.3039975137286, 1.5331082804245206, -2.0838103785003974e-05, 1.1840188243182594e-05
236.75058643412524, 1.2194073656231277, 1.3456669161273827e-07, -4.2444460257921926e-06
227.13479444142669, 0.94836493852454928, -1.6002184838672248e-05, 1.1940551287862698e-05
229.67274534020592, 0.82342990692710261, -3.6614669318563971e-05, 3.186142751269822e-06
223.62003363597469, 0.46535789970371927, -1.0269991422609381e-05, -8.9746285918761409e-06
225.77406130934321, 0.68433828751503978, -5.2074571290457566e-07, 1.2640674229818597e-05
231.91417645872329, 1.1718816975978084, -8.0633362456280178e-06, 3.433758082733815e-05
236.96262433868691, 0.79340254771931074, 6.9175492180066211e-06, -6.2674112793332451e-06
232.63529263497082, 0.85969957597444835, -3.0065355577669327e-05, 4.252515413405768e-05
241.83878438383815, 0.87290292402841663, -9.5007727090423006e-06, 2.1893571316932509e-06
235.39848594436836, 1.3513675821968754, 1.8857991100095425e-05, 3.6133623417367094e-05
238.93092029519184, 0.87853313480806405, 2.2939816661603392e-05, -2.928475169008713e-06
233.87000698148819, 1.4829038509147927, 2.6148507208968738e-06, 3.4412850210151694e-05
234.81528243611575, 2.0464247726790021, 5.0081110204798321e-05, -6.2834091575276457e-05
232.62598907448444, 1.0150585739381754, -5.8097917777531893e-06, 3.0983324056189588e-05
221.86933474940076, 0.52661819907360241, -1.1651793041632335e-05, -1.0514533135504458e-05
235.74881162795435, 1.4842163792018848, -1.845739834384481e-05, -3.4207618825132677e-05
239.47375266072393, 0.44564762694966636, 1.7119645989207096e-05, -9.2829419034965542e-06
239.03383765675926, 0.61235027545733545, -1.3786360365920054e-05, -1.7226716191953999e-05
228.97354743651599, 1.0210658947379747, -8.8613012421624967e-06, 8.8760174384754477e-08
224.22513955423548, 0.60368769416154211, -1.2579764185364505e-05, -6.6394837826145507e-06
240.63536237180821, 0.97614773410759292, 1.2605554511080964e-05, 2.619363037949e-05
235.39403121813396, 0.97018254523810177, 2.3181295018577086e-06, -3.3042924628191923e-05
235.46999385238672, 1.5125224498651195, 1.944412303336278e-05, 1.4013826730656547e-05
231.00495197104632, 1.799628177338324, 5.1857913017759178e-06, -4.3911660797763621e-05
241.55790813400205, 0.74784580989261229, -1.6386434493708951e-05, -1.6550719378576848e-05
230.46868037311219, 1.4839233038217885, -2.075328490120189e-05, 4.9874094157424157e-06
238.27082319452637, 0.93891043457730017, -8.6393828919144023e-07, -8.7095467487399508e-07
232.93552525000732, 0.78470109035935431, -1.1117694237168782e-05, 3.4972525003701327e-06
227.35361845417637, 0.79891856560657837, 6.0442166009720285e-07, -1.690720156004686e-06
228.61021585109842, 1.1560401085319236, -4.5189778342702204e-05, 1.116807023681789e-05
240.42692497329071, 0.76016717333287365, 3.9173820360579011e-07, 9.0211871431260848e-06
239.72260775506996, 0.70338221867185513, 6.9508336889303408e-07, -6.892738875197566e-06
230.63803617259012, 1.54619907381138, 2.0818233069867947e-05, 5.6585134815268827e-05
237.94820291209129, 0.83462169555219035, -1.8515907047076139e-05, -2.0215061874011955e-05
237.56475829433322, 1.0300434899555728, -1.4042355273542566e-06, -7.9810361444067191e-06
238.78817958343211, 0.84893665396398277, 2.2919636661119917e-06, -1.777477465700857e-05
235.98769262106674, 0.81845722857730041, -3.1577687005794693e-05, 4.5188922663435436e-06
241.63684511402309, 1.8974979183222311, -4.0541996735166541e-05, 1.2149782477212233e-05
225.64952278938969, 0.64154681539675906, 2.7318538973973194e-05, -6.7192807177464491e-06
237.72135463971196, 0.78260654579044431, 4.0005687685121801e-06, -4.8104559732874586e-06
240.98198241375013, 0.25047505605646764, 1.1145237249201063e-05, 2.0567390241763042e-05
239.90260338524573, 1.5199174780312157, 6.4569332557554543e-06, 3.1411979813462646e-05
227.4590574876986, 1.1010541814715229, -1.3127889939976555e-05, 1.1246603737672916e-05
240.76446512203336, 0.63948550369662005, -1.6766085789570606e-05, 1.6720525490015182e-05
243.28748241330553, 0.59000409282251387, 7.8391637036146397e-06, -5.4716246835527357e-06
222.61499591605218, 0.37999141126643698, -9.4381221086972958e-06, -1.0296197158757396e-05
229.20461450271685, 1.0346514635767463, 1.9980122406717004e-05, 2.0918869310860166e-05
233.16114834161334, 1.0643704337462156, -2.0202684480219521e-05, -2.288475721863005e-05
239.22669885347466, 1.0141248362865833, 8.6153133535284138e-06, -1.1150385087022486e-05
227.26467949844911, 1.307355521738391, -1.0627961428288102e-05, 2.0351533081006223e-05
239.34364598269767, 1.1388380313113382, 9.2171106717721837e-06, 6.4069835134532808e-06
226.11084326201868, 1.0447747552007913, -3.9248262111198209e-06, -1.8237810153032437e-05
239.65320752352909, 0.59274578954849133, -1.7650891137950857e-06, 1.4050841997501106e-05
237.39023712025283, 0.97891869282142263, 3.8259668962424599e-05, 2.579927939952551e-05
236.23776902464573, 0.93798414716771994, 2.7973660778560986e-05, -1.9511368460303379e-05
225.56361128466418, 1.0071306419349018, -2.3494576501200254e-06, 3.2452115053259014e-05
230.11277051987432, 0.92184566345781427, -2.2126716516139102e-06, -3.1632051367522348e-06
226.81699191976986, 0.81311869721808439, -2.0702175066391976e-06, 1.9337168146018389e-06
233.11086481041346, 1.1141664067180503, 2.2728885693675139e-05, 3.028288202249721e-06
227.6738446616375, 1.7607686919915779, -3.5683888453083845e-05, -5.0464164825839545e-05
227.52560634172519, 1.0289185415589677, 9.5839585572795289e-06, 1.2028181540399828e-05
242.04022438997461, 0.15913784570924203, -1.2034883824557901e-06, -6.9624669566792389e-06
241.30766415721061, 0.68060015673434926, 5.3679589786403325e-07, 1.4114505225361527e-05
230.62365089032906, 1.7033696027201668, 4.8617841315106291e-05, -2.3299405736108527e-05
226.46431110025424, 0.92347551327593458, 2.0453232796827292e-05, 1.9227719661293598e-05
236.53447373025494, 1.1910299398112565, -2.4562747809641934e-06, 2.4165031927353617e-05
233.24425167158728, 0.86028725839872322, 1.0485855494368783e-05, 2.1569113331541655e-06
223.35095024943917, 2.9038845944610827, -3.5423862557357404e-05, -5.2053697424357263e-05
228.94268211083781, 0.75373098107770209, -2.2110857008827821e-06, 6.8324620337563388e-07
229.19605326776548, 0.83113060716134035, -8.2995622482718827e-06, 1.2053171025361736e-05
238.08338030144611, 0.90218499778971684, -1.056502540056487e-05, 2.437364491764877e-05
241.22230190152177, 0.72559477064374855, 7.4274889037711444e-06, -8.252311846838564e-06
235.54252050355493, 1.1422423777866466, -1.0085518993783233e-05, 2.8623407782874816e-05
233.86875198395958, 1.1992556601386504, -1.2179116520461719e-05, -2.9838291163210229e-05
242.08886022046605, 0.71821836317594612, -7.8739439161197397e-06, 9.0782194650510129e-06
226.17139111198912, 1.021243423313394, 2.1606103085760313e-06, -1.5859310390895581e-05
242.0220646822587, 0.84931739513799231, 2.0754064540327874e-05, -3.6343138907835553e-06
226.05012256366123, 0.6282866175421763, 8.9466248429768392e-06, -8.5468495102707976e-06
224.20656451996754, 0.52901429153544743, 1.3476045335767205e-05, 1.6057362156105664e-05
229.00736335860304, 0.72917165896003189, -7.5216569355284906e-06, 8.646316297612303e-06
236.18685828448756, 0.79915135943040716, -6.1073216316828332e-06, -6.5562995282326683e-06
233.02715565077867, 0.87482189280398026, -1.8068067394563288e-06, 4.1337027446315695e-05
235.68588753788868, 0.87661134205677027, 2.2444006648989119e-05, 1.9709116343504933e-05
239.75667271564245, 0.65379670925788325, -3.4452460017511141e-06, 1.1458913232351992e-05
230.652641998023, 1.2550879724956181, 7.7309137184232996e-06, -2.2214912865952576e-05
242.69236616238399, 0.39705131389598236, 7.9526888234045276e-06, -6.4298765352859538e-07
226.85993000099981, 1.2119757341220632, 2.6149439332713617e-05, 2.6950812130003104e-05
228.17567102451778, 1.3743142083923261, 8.2782495214745893e-06, -4.830566257452156e-05
233.34867268968642, 1.2212956631773215, -3.1954526426615643e-05, 3.6434932694080393e-05
236.97673257978371, 1.0575366107527342, -1.0211861023823306e-07, -2.0354992444853402e-05
231.15056350612932, 1.27798154129187, -3.5166985110490457e-05, 1.1476101403773077e-05
227.8642556565016, 1.1089275576643114, 3.6658708402206111e-05, 9.6383478546859204e-07
242.05004390243471, 0.63562528964692855, 3.8523805450381146e-06, 1.1310713393166138e-05
228.91303867103483, 0.88395423688509955, 8.0436944041293015e-06, -3.1426338901845613e-07
234.74446735261185, 0.82191070538729494, 3.3440630362314067e-07, -5.990360707155202e-06
236.88076213444563, 1.1204884021223369, 1.056221294989387e-05, 1.903524640518009e-05
240.1709874337418, 0.74203460186784964, -2.4046010882070347e-05, 8.0677117839836847e-06
227.20980036644298, 0.86078149424758221, 1.6725274781343844e-05, -1.5888825357382853e-05
232.63116807590669, 0.75730535595733606, 8.5611323140391213e-06, -2.1625880835805787e-06
230.52911091466964, 1.6809490997356917, -1.2055359394499415e-06, -6.0418475771714136e-05
226.43362437078525, 0.68747213189600354, 2.1823764886634588e-06, 2.0115613184411026e-06
230.76893411080812, 0.96230200365099594, -1.6239616760231542e-05, -2.0930040784782651e-07
231.28064258818586, 1.3827062029220476, -4.9600678598817031e-05, -1.8471035425524496e-05
230.82387324137713, 1.4792286218970594, -6.0974100371982846e-06, -2.0522342844945607e-05
242.52674894836949, 0.47078637917602212, -1.0113753791628551e-06, -3.3840357996454472e-06
239.80377886632465, 0.78138822598320667, -3.2913993806252126e-06, -2.417627133084379e-05
225.85911461408938, 0.90273739078086812, -7.0707163229424398e-06, 1.5292201184459193e-05
237.53040451521306, 0.63769155905723351, 2.064028500746225e-05, 1.2116565838731585e-05
229.99484002527893, 1.7386681340101668, -3.8090729413765847e-05, -3.4753549176615998e-05
226.85313269854598, 0.81426122354679575, 1.1715645962919831e-05, 5.3400121699125443e-06
223.79929192980825, 0.45464161930721464, -1.7958998027152718e-05, -1.137780498651378e-05
232.00647698712979, 1.8474153725546112, -4.3207114406443935e-05, -6.2828732050019851e-06
231.15189175315371, 1.3298136788777684, -2.1235038644281523e-05, 4.0393354842154138e-05
226.51755364574771, 0.98068299558996186, 1.14141317729673e-05, 9.0519267029376657e-06
238.4458495198441, 1.1085365003937953, -1.2877455432481769e-05, 1.1890267681769796e-05
222.93516144974438, 0.55335593903607228, -5.1602037135366144e-06, 1.9184227841433598e-05
236.67133453083017, 0.81574419682358745, -1.4957509990616718e-06, 6.2706243074981358e-06
232.0168528740432, 1.1609534049542725, 1.294050959568196e-05, 1.9930243848538693e-05
223.74925218856049, 0.63325617289449143, -1.3357411717969399e-05, -1.5930386646516231e-05
232.53034616420851, 1.2515613386782336, -4.0551561058094148e-05, -1.6613446296322492e-06
241.44841069155237, 0.81791429915756608, 4.6008641475470934e-06, -1.1672760023775231e-05
230.70270644969975, 1.0160234555633498, -1.5030606724290014e-05, 5.0976712975807335e-05
233.86712522013585, 0.95425354908404836, 8.6220851897402411e-06, -4.1163972296486537e-06
223.95383121203173, 0.88264129394879254, 2.2119004670819324e-05, 2.6760017469781211e-05
241.86534140781004, 0.62429132487816563, 1.0388863285722025e-05, 1.0362503715736189e-05
242.23937425439175, 0.56993296471778365, 6.0480432306510827e-06, -6.0575575203347291e-06
231.61524907686041, 0.86652525065437558, 2.4983926196257996e-05, 1.8136198862809497e-05
239.22827734262589, 0.60130834190370697, -5.8539219216004652e-06, 2.4591583822286643e-05
236.11109538961918, 0.5520164736430011, 1.1448902589669303e-06, 1.0823122242352199e-05
239.61227134311565, 1.0842843060890681, -1.648919374931477e-05, -3.4005797822816083e-05
224.99849775968167, 0.51728905424035232, 1.4829422040583274e-05, 2.0529478373617004e-07
240.10263989251163, 0.99841659109773695, -3.3057661457046807e-06, -7.3006902881988441e-06
227.52683375563734, 1.2558094317780373, -1.5444805295358256e-05, -2.0317106872710028e-05
239.57581968141292, 1.042308158863658, 1.4065279838517366e-05, -1.3005239214528259e-06
242.38445948111945, 0.3688144024751579, 2.3352476239903968e-06, 5.2766310430593394e-07
228.7256890721419, 0.77412523032934666, 7.9941026348238334e-07, -7.962685186872761e-06
233.26675181222777, 2.266493875228071, -1.9861867210928002e-05, -3.1129124531533983e-05
232.39728822568952, 1.2764300826719028, 1.4155469765611663e-05, 5.4226238438329843e-05
223.12031688457998, 0.63387357492735108, 1.2739371395753679e-05, -1.6477178026829506e-05
227.10051600310979, 0.52527117671099921, 9.3549380145345939e-06, 3.4778429004456659e-05
240.05218014991434, 0.87367916821448355, -4.6655505097949893e-06, 1.3930982297835182e-05
232.49882527325786, 0.86897885773525041, 1.2901401425900696e-05, 6.7724728644397894e-06
235.89720249778131, 1.3388406827123847, 1.1677106666820047e-05, -5.1041947637693178e-05
236.26741458891615, 1.2017951893780068, 1.2513985130259437e-05, 1.8865576353873887e-07
234.96866251482234, 1.2572398439021792, 1.217173137157363e-05, 6.4279213267884983e-06
235.55876941629484, 1.0190006466494972, 9.7118370720529732e-06, -1.7382456283692589e-05
225.78383618264783, 1.1085584991062944, 2.3307009083792867e-05, 3.4550851833748049e-05
240.39005699505867, 0.82640509794346462, 2.8213466692557211e-05, 8.5812365652708003e-06
233.09023040438927, 1.4548464265518128, 6.0255392057855234e-08, -1.39735048614415e-05
231.89683812582913, 0.76467098732882466, -8.5342407569561702e-06, -1.219509525154101e-06
226.31258419216104, 1.1723179736123663, -2.5227839145161368e-05, -2.3471604187865411e-05
234.73200455289569, 1.1141573938851301, -7.0832113902830854e-06, 2.2124009769057462e-06
226.10659902029573, 0.42498399961351219, 2.1350730919253873e-06, -2.634945796007736e-06
231.39419627443016, 0.82611198120834184, 3.7856563336292116e-05, -4.4458670507128576e-06
224.60965157135166, 0.60389777122831634, -2.2579202862208966e-06, 8.6212316100372142e-06
236.76906438603746, 0.8445461287757976, 9.3523755825662798e-06, -9.4825510119410086e-06
242.7367328087245, 0.25708976910406961, 6.5763838484149374e-07, -3.0452388488177548e-06
236.88153255458946, 0.62104625926704504, -7.7921655790775275e-06, 1.0514203236232673e-05
225.61614301117135, 0.61139219267097689, 2.1719562274996402e-07, -7.6894486288585571e-06
240.64418107669823, 0.68209831954146916, 2.2649359559391426e-05, -2.0206253291986089e-05
227.50933525546628, 0.94945721198858168, -2.5764928491585269e-06, -2.7922972037051234e-05
239.08400807417857, 1.1169044691275289, -1.255754002043011e-06, 5.5622030397967865e-06
235.82350749845136, 1.2273751134949402, 2.4938543462971854e-05, -3.1748696184705765e-05
230.83323649780215, 1.2874911982715531, 7.8761040868738183e-06, 4.1943467419714711e-05
236.78859241914711, 0.9968558119815506, 3.9849436843052472e-06, 3.9336122190370226e-05
238.67485763205769, 1.0176453927644451, -4.0178141145121382e-06, -3.668073191629594e-07
239.1245418373278, 1.030084093742029, -3.2851467108101852e-06, 9.7241201159577266e-06
229.86507761394742, 0.86544435669492537, -4.1643730276203737e-06, -3.3808857387625177e-05
232.32710314950236, 1.3960470239864353, 2.9383762856621332e-06, -1.1131674956413806e-05
231.26117632240599, 0.81951206005148181, 1.1701229729756704e-05, -2.4708018492007887e-05
238.29769906010961, 1.0761640541345878, -5.5145019723311368e-06, -2.0993410633139017e-05
225.50893827398218, 0.68471122158311193, -1.2587043310982926e-05, -2.5032006288600134e-05
236.05005050195308, 0.61043977547293093, -3.0260307120153401e-06, -4.7270599004014583e-07
241.74933805589691, 0.28304908982282445, -7.9089692298147535e-06, 3.0499490813642325e-06
230.41181924334333, 1.2500117289913295, 1.8296772144646381e-05, 7.1553043313826332e-06
238.16868186062786, 1.3326244139705454, 9.2717620740733524e-06, 1.2414140794026359e-05
224.12566313700643, 0.92378130628642641, -3.7731355081852003e-06, 2.2412972753220745e-05
231.38627355843784, 1.1177880822502175, 9.6515357661859426e-06, 1.3365398534757165e-05
225.92979279854396, 1.1848793444603312, -4.0406740647625044e-05, 1.1223767306967264e-06
236.52195112896902, 1.0012465388326481, -9.7606312094643704e-07, -8.0986262877406634e-06
238.35162089604486, 1.1174383736119493, -1.56313747039436e-05, 2.8181998508057893e-06
224.20178617922184, 1.1337480924642029, 9.6463868098847721e-06, 2.5601120473143608e-05
241.00706084820811, 0.42334006267149721, -1.2558679544439026e-05, -1.1682465944758416e-05
239.11069858011641, 1.0052193641596696, 8.2137672235025085e-06, 4.0241266687691289e-05
229.55883697757659, 1.1338035564582962, -1.0009505260509221e-05, 1.3117306500015929e-05
226.03752230162189, 0.70627891135447796, 2.8216543058189711e-05, -2.3534680026860528e-05
234.97444310810903, 0.8810952109709338, 9.5627137622224483e-06, -1.3512350947007851e-05
225.25005081654638, 0.40446929674675941, 3.5341564711971994e-07, -1.7284421538249952e-06
229.8305389177122, 1.0972749389224494, -1.0008114629495067e-06, -4.1437892041617077e-05
232.84050400198848, 1.2845798364136896, 1.1130312239451503e-05, -1.5407685880173742e-05
230.83637346086115, 1.1848885406231557, -2.5096581760292512e-05, -4.906703876724746e-06
234.67697089251723, 0.92292660430098461, -1.2127549321149953e-05, -1.7419721997563393e-05
243.25339963523038, 0.36165596760571306, 8.6576915665613654e-06, 2.08715642849847e-06
230.17791690519653, 1.2308465011166332, 1.6556853427851109e-05, 1.8297640619565246e-05
236.05472823093675, 1.0036451516036087, -5.8213816756843666e-06, -3.5163444669453083e-05
239.78108651984547, 0.46473615768400356, 1.696816992402459e-05, -1.5029731748685193e-05
238.16063621413912, 0.85396946852107425, -1.98633357699479e-06, 7.6580309921807458e-06
226.492023891629, 1.3675111979345518, -1.1501957666988368e-05, 1.0140185742825164e-05
229.94955570947587, 1.0803238726605808, 1.4165612948016081e-05, -3.6674514736483627e-06
231.79813703666653, 2.1171441401206188, 1.1751139804872629e-05, -5.6516320004364443e-05
240.51843473062237, 3.024513569872787, 2.4917879442772917e-05, 2.0151098496328366e-05
232.43297161996742, 1.3743903503189794, -2.8344414507553358e-06, -3.283716581282322e-05
237.54901853378129, 1.0241066867963773, 1.0261630165019993e-06, 6.8595187746577972e-06
231.27852258854219, 1.3180064621584748, -1.2604942236614324e-05, -3.652250794139771e-05
242.52534934273189, 0.44780062344706417, 1.0630353529943592e-05, 4.4602649686852935e-07
226.43679695522465, 0.73844319817111259, 2.0237419941627648e-05, 9.9266381832680005e-06
236.56013580502582, 1.3202748555766155, -1.2888072597739495e-05, -2.8476246384776052e-05
229.9866688047581, 1.0791212274403845, -5.4603310689200816e-06, -9.6686187215907882e-06
238.08479670399313, 0.95826508368512453, -3.6653533112023232e-05, 1.3091616072961914e-06
232.21446423550401, 1.4428121356869628, -1.871092335225507e-05, -1.114294764182218e-05
238.89192534304692, 0.90556503434118973, 1.4199305045248344e-05, -1.5625964903033657e-05
229.35033107706778, 1.0413774246339329, -1.4558210588587833e-05, -2.8180410543508876e-06
234.78976803905778, 1.3909538243536408, 1.8424276636711217e-05, 7.2179317217213495e-06
226.89928238544732, 0.894319421232601, 5.5259144199295558e-06, 6.9023349357274448e-06
231.86898626322525, 0.90477265697584186, -3.989299610373078e-05, -1.8431589475531105e-05
231.94472112446886, 1.3930164316505533, 1.7905061975875702e-06, 2.0402330625925078e-05
222.81647571713819, 1.0251003367876839, 1.3496826782220467e-06, 3.5615331836252389e-05
240.8553471574952, 0.27373862613567235, -7.2004804517269434e-06, -4.6808897718007545e-07
236.82315856864733, 0.44713373755630109, 4.1306589925672567e-06, 1.3261494009279006e-05
234.41773586104006, 1.3856853166787686, -1.9808176787898694e-06, -4.0928725799684221e-05
230.53293545667034, 1.359387207344217, -1.1657442065480806e-05, 6.1554942639378491e-06
231.00593190040559, 1.1098148414978872, -1.6005274440559894e-05, -4.0457953865636694e-06
232.53665511623396, 1.0449284131331669, -1.537912062006033e-05, 2.1127535746004634e-05
232.40437923099654, 1.813410748071502, -3.7347123797778982e-06, 2.9897814269849574e-05
234.39121991369046, 1.1767711751086949, 1.412887316138399e-05, -4.6496843529539224e-05
236.75067384963009, 1.4754910691905021, -9.3969227045782583e-06, -1.552182663706696e-05
237.543100309518, 0.75849106796780918, 2.3575696895049393e-05, 1.9579961040495855e-05
227.80634167629609, 0.92335277315453279, -4.0020058689471282e-06, 3.1773235052008058e-06
234.67949066803084, 1.4023373422608425, -1.3526608157959421e-05, -3.5553452774078009e-06
225.30817549612249, 0.59989204047362432, 9.4148658644196533e-06, 9.5328603720538387e-06
233.18110989278637, 0.70816057839588464, 3.3008024746520262e-06, 6.7122836952199439e-06
238.89025715875761, 1.2788157363595654, -8.4530116276238179e-06, -3.70697797533238e-06
236.2953271633998, 1.1090582610019326, 7.141694338806838e-06, -3.7175556151363876e-05
227.33847534629771, 0.97573658821224929, 1.5460197354103689e-05, 2.8261122362730573e-05
240.11280280292573, 0.78862325558312396, -1.0580541896814497e-05, 2.9922683783858989e-06
228.09723885019622, 1.3359172745459307, 4.7187875572687894e-05, -1.0486166089869699e-05
238.73663544684837, 0.99218311826164551, 4.1842064446868274e-06, 2.6377306525644458e-05
229.39957438770156, 0.84170529047847231, -1.1484358976769599e-05, 2.1926179449691116e-05
238.79097418228258, 1.1954898130204119, -8.7029705462493106e-06, 2.8640593579455137e-05
241.14929306597043, 1.0263720950032866, -8.017255487853458e-06, 1.7047587226187293e-06
229.93655921784813, 1.2169329954437311, 1.0664997360201901e-05, -2.4837838485647843e-05
232.77034409536054, 1.3844936396419469, 8.1968235598596955e-07, 3.0283475027258979e-06
229.29685728813678, 1.3610848672110862, 2.068161667993177e-05, -4.3378532813433758e-05
234.95264039244728, 0.71492478681982552, 2.7385331883916131e-05, 1.9302542681386691e-05
237.85862041390061, 0.60133549516504337, 1.280955769221743e-05, -2.8490699762987227e-05
239.40041997437075, 1.1759183482905686, 5.4980254309702668e-06, 1.8332383430301608e-05
228.17604698708794, 1.0571921911161781, -1.044612714203224e-06, 1.911304058082803e-05
237.38865694299872, 2.6819093768090823, -3.0420381939858907e-05, 6.1184601544480343e-07
225.82256696734754, 0.92910805124694162, -1.1608035403562489e-05, -8.2131911258080553e-06
223.67087956351924, 0.66538183220579816, 1.1386214556915062e-05, 1.3860827095806521e-05
230.7564873240386, 1.1075858457868606, 7.6034687577480294e-06, 1.7666942920995878e-05
235.23381201300518, 1.1079268489469796, 2.2623744433779635e-05, -1.022685789043719e-05
237.99259499880407, 1.1829915944204512, -5.2094957538720628e-06, -8.6116433040475484e-06
228.23236418766427, 0.80694944585170947, 1.9871112786806219e-06, 1.8467433059933387e-07
231.4318856656885, 1.3856094563954959, 2.4424810565938593e-05, -2.2084711217288903e-05
223.69529561029793, 0.60753778579721329, 4.3790047708632876e-06, -2.2091633537985232e-05
224.14700343168104, 0.60377760723792029, -1.4736713487263885e-05, 2.6431871873999231e-05
229.087731155569, 0.54652482376063238, 9.7867129068042576e-06, -1.5746801749154722e-06
224.5331852952892, 0.75593499905797801, 3.3813474912234136e-06, -1.9785829509139547e-05
225.6793938717345, 0.61185886729663153, -1.5883389437457133e-05, -6.7203499465368109e-06
223.07892259324663, 0.71772658040950965, -9.4175174505402027e-07, -2.3012149447438822e-05
229.96024879528477, 1.4936747863762558, -3.6555419690837725e-05, 3.7053145638867183e-05
227.68574364202439, 1.1100222425062407, -3.3107070323140838e-05, -1.0334581894988887e-05
236.71828685368507, 1.2298376363066381, 2.4105078343971193e-05, -4.0186608750577852e-06
232.55937060765731, 1.1257651899352419, -1.8073050851088251e-05, 2.2036691824469962e-05
230.68747324525751, 0.93526764841840537, -1.1053261504597399e-06, 5.0801311914035528e-06
227.35531015954959, 0.84220042770297965, -9.5089934309148854e-06, -3.8352008155048048e-06
240.35079826859695, 1.3516652555917199, 1.7908366676263455e-05, 1.5873514437534186e-05
225.38516312597454, 0.49258109478777573, 3.4135773782395919e-06, 6.0674986468996797e-06
240.21213887855757, 0.78400859999077099, 2.9025138916974214e-05, -1.1064551074459794e-08
230.63851373784004, 1.0305777223603205, -6.3085547068975143e-06, -7.5578743756399131e-06
225.7157312254312, 0.91244720220551401, -1.3032818070190133e-05, -1.6572436569891247e-05
230.98483738932322, 1.2032776024311456, 3.3918603694711682e-05, 5.0156502460000502e-06
230.50495410841583, 0.82067852298404276, 2.9662876488562185e-05, -1.8034014235630955e-05
239.30218394593484, 0.77010484890840014, 1.0799129839708827e-05, 6.7022977641478845e-06
224.95951541173383, 1.0339726436109127, -8.9452165072709398e-06, -3.4550809856868029e-05
237.15841197685401, 0.93431781090691468, -1.7809460712404751e-05, -3.0393849083867644e-05
243.01927033265031, 0.43984834637162207, -4.2182331457298209e-08, 6.3252982885755758e-06
237.32820359249038, 1.1700907296384817, 2.6707127297558579e-05, -9.66777057466609e-06
232.11274775902112, 1.149052538574157, -7.6240063676854823e-07, -8.7997024121850433e-06
236.26441546340806, 1.1854999146274174, 3.1551982933512155e-05, -1.4767831500814652e-05
233.2348749566541, 0.98031340045536242, -1.6059253275799459e-05, 7.7224865354002893e-06
224.68192465391496, 0.92934624858988979, -1.9993644569437799e-05, -1.6997076011416027e-05
230.34831686336113, 1.3460153204787508, 1.5125417970752002e-05, 1.3708006887540043e-05
223.4637762676382, 2.1204771783619241, 3.6067732474488349e-05, -2.0208378035187071e-05
241.75492380523858, 0.44085796829558954, 6.2661414761187008e-06, -3.9129299002994177e-07
228.29236426172568, 0.67445066452002023, 3.4917911397850283e-06, -9.0713295317576637e-06
224.41167991969053, 0.49157249548873894, 8.0334474162633712e-07, 1.1619925972710535e-05
240.0734244571577, 0.62607230930248703, 7.3218819033007579e-06, 1.4677260327296546e-05
237.21944549689434, 1.0797753154639609, -1.4684218075826932e-05, -2.5853461606273223e-05
238.89898097286564, 0.74874332393268417, -9.0479235876248582e-06, 4.638340258072552e-06
224.91211393751072, 0.72639163503119497, -2.5561311445183646e-05, -4.9754411877801532e-06
226.19138655348797, 0.79786397907188666, 8.5276544486395764e-06, 1.6888125903855855e-05
234.22542615454822, 1.2246618347250569, -1.1084846439158679e-05, -2.1782063982369857e-05
239.92520349837193, 0.82772272826174043, 3.6375663140245607e-06, 1.4200926894973143e-05
225.64585869149678, 0.76783587993517921, -4.3411112817574334e-06, 7.3344185586881031e-07
227.34527016371183, 0.84650851100313307, 3.0227801611110746e-05, 4.2353134337390632e-06
225.07642714493139, 1.0695813206377425, -3.1945202285416086e-05, 1.6440136967783908e-05
225.7184207867634, 0.7296545973879317, 1.8680299445097076e-05, 8.2904198374983731e-06
235.49549614910555, 1.0391398395175704, -1.7788930638914205e-05, -5.7545436041405447e-06
233.63064746166387, 0.91841947549747516, 1.2393206016447167e-05, 3.1752248318729732e-05
238.06763609591587, 1.1599290553472412, 4.2288229312580113e-05, -1.5593192258633929e-07
237.83553436878412, 1.0259418596383307, -1.8975467285498497e-05, 2.7723688071376072e-05
236.85437907015657, 1.1319152398452743, 2.2132505476659707e-06, 6.4685622752838211e-06
235.75548774356429, 0.81607350236665777, -2.1139776685453791e-05, 2.2260288046899958e-05
223.30628102327006, 1.1904887377759676, 3.3130716177909182e-05, 3.4919652423899584e-06
232.70907408837627, 0.85905273234681545, 6.8718304598605013e-06, -1.058168835806635e-06
239.37438771663324, 0.72301238314188299, -1.4539638915065646e-06, 1.6324610605131095e-05
223.58602431627125, 0.97017764576922927, -3.4300703138930992e-07, 2.5572677910373949e-05
231.20847951579745, 1.0916828523933733, 1.2263475633721024e-05, 1.6411286193256552e-05
236.78596303837324, 1.0075508824896358, 1.8520310260177646e-05, -1.440479204954141e-05
234.60875253239112, 0.44409261091626351, 9.7476567147284824e-06, 3.8957329645346806e-06
224.96469257889891, 0.26230290396955885, 5.8609758309702806e-06, -2.7376695534581386e-06
229.9043807446304, 0.79453586994428516, -2.0637350402054071e-05, 2.9308431264820481e-06
240.72909257624255, 0.78566449427600626, -1.8696852652051407e-05, 1.0852632584649346e-05
239.76327431259932, 1.0361013575389639, 1.789046446780088e-07, -2.2892401156646832e-05
237.68835923167393, 0.92687356683574729, -5.6483142789234727e-06, -1.2491329801676023e-05
231.54864170380972, 1.0815008935343891, -2.1060664380003579e-05, 3.1492155581011008e-06
224.75826449627058, 0.034159196569445965, -1.5687782021273838e-07, 4.1239944988499171e-06
239.38633346314779, 0.99970825229415616, -3.9024858008197912e-06, -1.6155213754054665e-05
233.60217779140601, 1.1249360343452228, 2.0018092932261188e-05, 7.1271260909998482e-06
239.37223653739738, 1.1894735050448046, 1.4341100966728014e-05, -3.6284077006173614e-05
228.22082818387898, 0.95729899963151088, 1.7258275718718957e-05, -3.0494871216228977e-05
228.30070718667474, 1.0504924698179849, 4.1062327465459501e-05, -9.6971649311643363e-06
229.54207786050767, 1.2050198405464889, -2.1600678642829863e-05, -9.13920387831989e-06
234.45916631203266, 1.4106012601133637, -3.4423685116158235e-05, 2.6651518638185197e-05
240.21833930506224, 0.99534106861749494, -6.3360263489496928e-06, 4.515614926604052e-06
227.24698423582905, 0.87302593584505483, 4.7150320540402578e-05, -5.1722660789108539e-06
240.92310281231994, 0.26581653098385555, 7.2887027484968589e-06, 1.5759682619668936e-05
242.31141191791596, 0.19850681070948928, 3.6175117238807046e-06, 2.8241600109626068e-06
235.6627292086109, 0.99191980458610929, 9.5901993257690923e-08, 2.2891961177042992e-05
229.01011871008811, 0.98422058447174621, -3.4390042974844125e-06, -3.2368181285122942e-07
222.58972681483075, 0.28412374190871004, 7.3637651210385507e-06, 6.0233720883682927e-06
236.40012870048719, 1.1407650843278274, -4.3613853085594899e-05, -1.3163598033271075e-05
229.83524198506848, 1.1199010074389391, 1.8088926918261381e-05, -3.5528871443099725e-05
233.12099299952857, 0.98146109688941452, -4.0551815801126734e-06, 1.9174643845766079e-05
242.23053739048117, 0.46299403848207615, -5.7524324054673664e-06, -4.5622233036747046e-06
230.00939378374241, 1.3625872149651319, 3.1373540927417353e-05, -3.6008631775579285e-05
240.1839355543411, 0.76401279240358888, -1.3603108547394919e-07, 2.95886494109798e-05
223.18923884324755, 0.67489870774534078, 2.976034286824631e-05, 3.8211517313338683e-08
224.65978778131418, 0.57552570020169835, 2.9967861160080645e-06, -7.5244008609943316e-06
232.8915596633519, 1.2161669466293514, -2.26418324216009e-05, -1.9323792368852424e-05
230.38825526640164, 1.4414006728955031, 2.9076196744177395e-05, 2.5994966473866221e-05
233.22807566844986, 1.7228601167258655, -3.1001452606076577e-05, -2.5177056762919519e-05
224.50165488080901, 1.0848580999420805, -7.8288939254623517e-06, -3.559602463060176e-05
234.24359059195623, 0.94810064864206067, -4.4903272069649169e-06, -2.4619902205361337e-06
242.18762907724735, 0.73326377263566289, -8.3533792879139099e-06, -1.0306621468833051e-05
238.47604438659201, 0.92293164563164376, -6.3608238475915889e-06, -6.6121906904240923e-06
234.92811154191904, 0.93572032151331108, -8.2917650587082128e-06, -1.1698889277797966e-05
238.10470178380587, 1.2929079888629231, 3.5657509530991456e-05, -4.8872423371272923e-06
233.26495025379612, 0.92588902452954169, -8.891707134932251e-06, 1.5137551993776325e-05
227.57213279784213, 0.99500766051147516, 2.299608199037001e-05, 1.4835042191692325e-05
235.66093575631081, 0.89718584630870157, 1.0487800710834738e-05, 2.5794457249048346e-06
242.55478293161138, 0.33765869915054247, 9.9243323770535969e-07, 4.3971602719749564e-07
235.69116891454559, 1.5191654284446257, -5.1614865333693099e-05, 2.8015805830408764e-05
231.78668101720658, 1.0329560744895339, -5.9489405339820571e-06, 9.5449040366307479e-06
232.25374094676852, 1.0538006000385383, 1.2501647819179395e-06, 8.083490849509298e-06
224.22524247917372, 0.99522259476500929, -2.7945015856567962e-05, -1.6445105356528293e-05
235.11146918010343, 0.91856460356889935, 1.4480032554105511e-05, -3.6574862243759776e-05
223.50345888673783, 0.62908822384668972, -1.0066275911626193e-05, 1.4030406691148412e-05
223.86043874230401, 0.56502909855673422, -1.8632544175981431e-05, -2.3722739434317539e-05
223.74975329583728, 0.63202895650182489, 7.68619538974172e-06, -1.7981681223088084e-05
234.444182845668, 0.82386559062861719, 2.1878294999402388e-05, -1.7446367208822725e-05
235.63838573124855, 1.2479004507090068, -3.3664649999487917e-05, 1.4138716053588396e-05
237.62055854443062, 1.0209325766659749, -6.4538123604200198e-06, -2.5945679867255534e-05
230.63556337795924, 1.3536823576659716, -3.4775837658088839e-05, 2.0038328437041443e-05
227.23534656817608, 1.0227588690496523, -9.0386961784598075e-06, -1.0760730942291506e-05
224.72790723720436, 0.32154011079390443, 2.440463775572561e-06, 4.8741478721754151e-07
228.88799630958351, 0.72929079500064553, 3.0476532271436271e-05, -1.1943588548724871e-06
226.2523104165455, 0.67861858890891857, 5.8977862668348929e-06, 7.1422167755604541e-06
241.06546572297739, 0.68220145845038138, -6.8305471033897687e-07, -5.2720815877811559e-06
230.58842161956113, 0.73257479382493995, 8.1687179182927873e-06, 3.5639614001750926e-06
242.52817605944279, 0.23978754443976213, 6.0898936451408773e-06, 1.9415442248181513e-07
242.14674646585607, 0.56962614763560093, -1.0115382154523921e-05, 1.0238040393938146e-05
229.47598182971461, 0.86703844517723039, 3.2418570719227425e-05, 4.4025883372127954e-06
234.47082449203606, 1.0564748373912347, 3.7972815375184099e-06, 3.913269494507162e-05
241.47989906869589, 0.41141650187050161, 2.1208402280876749e-05, -5.4008739108996844e-06
226.17154734485288, 0.85208572698270735, 2.5937813378998854e-05, 1.1443921797744345e-06
227.01073291880022, 1.069268257594562, 8.4874791740851951e-06, -2.4628361513044051e-05
235.44559266554577, 0.92190259051679924, 7.5669552820628667e-06, -5.1434558113556871e-05
231.64448414778838, 1.3895361891405968, 3.6025934014324536e-06, 5.3459814656193913e-06
226.3522334188543, 1.2403080873437733, 3.6358302330456378e-05, 2.9467679112268835e-05
229.16225332862288, 0.64895378775402668, -5.3531535887847587e-06, -1.1474162859933303e-05
227.63291402180951, 0.53815368061636604, 3.9473423735942027e-06, 1.3638121161106516e-06
238.88600954068542, 1.29277096637217, 1.5144234147685813e-05, 1.0507508680525815e-05
238.71092070181581, 0.71733694958907523, -1.9870654755844684e-05, -1.3345204649732794e-05
227.96568834316233, 1.000052500067004, -2.2315302415300977e-05, -4.2848687742168716e-05
237.63947466680131, 0.86719455953850688, 1.1277184727142612e-05, -2.0121797441679892e-05
223.45515377944645, 0.86954832301871254, 2.8773692820735183e-05, -9.1119466657449885e-06
240.64349709629434, 0.6772441862743197, -1.652405874177744e-05, -4.8162217137508067e-06
241.4495315838048, 0.57415806680434123, -1.3867770260242075e-05, 1.9412492749323752e-05
225.36410563105892, 0.53497240556139791, -1.3950040439300733e-07, 3.3173014229901623e-06
227.63513167193761, 1.0638332222248186, 3.9190330007797059e-05, 3.0478960645140243e-06
240.37715583536664, 0.77780296741776245, -6.3058999546116337e-06, -1.3988765206290094e-05
227.36788130888789, 0.60566139403236419, 1.622155660172566e-05, -1.5351205491826892e-05
233.4134763684028, 1.1880051595216752, -1.2716318439797662e-06, -6.0475324032926626e-06
229.48411793604402, 0.93255415745951886, 4.7674918333314381e-06, 4.5072614739033025e-06
238.78955121229785, 0.73663606102446788, -1.3508526936014803e-05, -1.974225401286124e-05
228.3721611781865, 1.203983383577323, -1.6699483498015222e-05, -1.31671046785788e-05
222.43493863772284, 0.24009345908309326, 4.1343312695543329e-07, 7.8542120981066556e-06
239.78765628394717, 1.170440912599181, -1.4685683411931183e-05, 1.4673791536457218e-06
225.5842848521626, 0.30783953633526229, 8.4765749075935017e-08, 5.2406181571163188e-06
226.97573028206722, 0.88482149792409237, -1.0772415091024413e-05, -1.3463741264182563e-05
238.70371660030568, 0.71775010465294597, -2.1062649251799081e-05, -3.8084249890043344e-06
236.30271761457971, 0.69306107670435424, 1.2188949331559229e-06, 8.5922616218287357e-06
243.18163430112648, 0.07452458420740056, -2.9312833002264053e-06, -3.0010044843042351e-06
225.15996378683039, 0.51985603859934104, 1.6853707565451042e-06, 1.7419491587546949e-05
235.72186666272887, 1.4385773113394162, -3.2608243930123723e-07, 9.5500895795573102e-06
240.86599494724814, 0.63720717267996319, -1.7431386576738e-05, 8.7152656468097833e-06
231.77699789466664, 1.0839308635489522, 3.1378654740520356e-05, 1.2323589582346855e-05
238.6620834263592, 0.31131362477228225, -1.7909975539769081e-06, 4.2979077921139525e-06
231.30882603943238, 1.4471839885106204, -1.7772653240520533e-05, 5.0963156803791753e-05
238.99732963016706, 0.90577542398617183, 4.299943194227313e-06, -1.5011641317075612e-05
225.16331753170959, 0.23817912616653658, 1.8310153672243681e-06, -3.0028086059863191e-06
229.37090478488651, 1.3250689443766344, 2.844428360154403e-05, -4.5957352033578572e-05
231.0071651883718, 0.84631767651364087, 6.8340146380613727e-06, -3.0950028626128649e-05
225.79103148651279, 0.39687061305667659, -1.5365631279401901e-06, 5.1274224450533803e-06
235.03328918138536, 0.89778566986112429, 1.3342771304341793e-06, -7.5926060029793102e-06
240.96755592303029, 0.48856605303791706, -5.508551316691777e-06, -1.9657254551193754e-07
236.79572449223136, 1.1269739105879668, 5.0855244800413383e-06, 2.0327286695252906e-05
230.56551788981517, 0.95241170178892087, -4.2198488765836316e-06, -9.4790684359334341e-06
227.01833958592459, 0.43001241227051207, 1.0836307827929451e-05, 1.7024913883715964e-07
241.49395612279076, 0.41641351832383933, -2.4419326069340882e-06, 1.1613213946244844e-05
225.1177389305536, 0.79472000630235817, -7.8576846742444188e-07, 4.1744784641448166e-06
234.08544646176466, 1.4668008336963678, 2.2606025812131641e-05, 3.6309698124269339e-05
226.57454031724288, 1.0181527156011547, 1.2032759623760011e-05, -3.0354131675363702e-05
226.47594477382975, 1.1522338103853222, -3.067637928426139e-05, 1.9888837953818489e-05
242.61834129450639, 0.59194598674936505, -7.5057841664134433e-06, -3.8554338031532108e-06
223.53832404627443, 0.8404892200668721, 9.4334970355940749e-06, 1.8538827057181741e-05
231.63193768409482, 1.1421090835977667, 1.534899117845072e-05, -1.166949632549512e-05
235.54022651485138, 0.84938137142522707, -8.9655635980943091e-06, 3.4872323348328185e-06
225.24293682280825, 0.82066272540950913, 2.1420224920712584e-05, 9.4150231338854819e-06
232.07200193823601, 0.84852394885341353, -1.7564259481664184e-06, -1.1558277483425077e-05
234.95793579165189, 3.1134220973064783, -2.5927001392093039e-05, 1.5583020595542825e-05
236.45944952252447, 0.92180602100912989, -3.333290943093497e-06, -3.3443336884982717e-05
232.58881258827373, 1.1991541951554996, 2.8977553573857442e-05, 3.7228870613275642e-05
242.54544371716628, 0.65489795373962134, -1.5419815950423589e-07, 1.3220072590614127e-05
224.44743613535971, 0.39293972972600072, -8.1907161755892494e-07, -8.0621643286444267e-06
235.74060852811746, 1.4598155691154535, -1.7100487911298094e-05, -1.1386271375428616e-05
233.53549570849282, 1.3010694573115837, -6.6572733784962533e-06, -1.3733147682714789e-05
228.40919027881941, 1.1915291097978462, -2.3939132664447701e-05, 2.8818367295714863e-05
233.80599953451616, 2.427798102894922, -2.9905795111875479e-05, 3.2788824678841239e-05
238.48459359013989, 0.87907544099153379, 4.4695472727156256e-06, 5.2828134086869407e-08
