247.58242820828406, 0.46394995809499279, -5.389416463255547e-06, -4.2538148010386091e-06
247.84219120857318, 0.12435281996714333, -3.2779761839323968e-06, 3.4070104295713531e-06
247.81969390597183, 0.56538410214674406, 9.8281422245860628e-06, -9.361061165886145e-07
247.72654032922944, 0.23968407899363103, -1.3927725094831472e-08, 1.0778842948983211e-06
247.945728656867, 0.12428738455083167, -3.5847669307057306e-06, 1.0923382171414557e-06
247.51410986234561, 0.6762762205738122, -3.3203695680585932e-06, 1.5003236371182947e-05
247.62360926911629, 0.16330758316991667, 2.0779365151244406e-06, 1.143768833961402e-06
247.8230981687073, 0.35764559453114242, 1.0489680605423241e-05, -3.3428880503182024e-07
247.75004587781487, 0.31823683756975035, -7.5697568784381062e-06, -4.8790474585322156e-07
247.7016375046542, 0.24913934373725344, -6.2004061448729939e-06, 4.8702783810046121e-06
247.6943214978335, 0.39866770699800541, 1.1709849068525721e-05, -2.1743273449215182e-06
247.80170193935859, 0.17891562418437768, 5.5388415167116259e-06, -3.8691603287542509e-06
247.62715065623894, 0.50059440922589338, 1.2175410932995644e-05, -1.1629104759665422e-05
247.95097059296907, 0.27424030209028188, -3.2575590066303349e-06, -5.3741356763374149e-06
247.87318768126229, 0.39272139285127311, -5.4061818472969269e-07, 3.9208377389278027e-06
247.96232599945537, 0.33190566653895598, 3.5764372524484423e-06, -2.981033961206841e-06
247.64306351036896, 0.26268386151806594, 9.0430538932819131e-06, 6.8962425635564986e-06
247.83180573255672, 0.21557555077139159, 8.1872878533345984e-07, 4.3523288333949102e-06
247.54900260557497, 0.093532290348857988, 4.3439199704482908e-06, 1.8019469636064244e-06
247.92777477200897, 0.27529113528856652, -4.2141455668374559e-06, 9.1035144454835363e-06
247.70430331400686, 0.11486403062108438, 1.9506617998188541e-06, -2.8223640804853003e-06
247.93812924730926, 0.56742453664531733, -1.1100901044302019e-05, -4.2726144606196765e-06
247.43803858295479, 0.61384972646799096, -1.1978125565233253e-06, 4.4989784238892404e-06
247.68792634282775, 0.18622298039290874, -2.1235890195039278e-06, -1.2335885664555146e-07
247.90479956457548, 0.60783893589286297, -2.4658453862621629e-06, -1.6264973374944993e-05
247.70337058137008, 0.61902743272607352, -4.6035882177276887e-06, 1.1311970533826712e-05
247.665383809134, 0.60379667913135715, 6.9024095482278634e-06, 9.7926857234811599e-06
247.55157834966366, 0.13220747272345557, 2.6656944893590217e-06, 5.5400125520787375e-07
247.625583081023, 0.21426798503441877, 9.7388929895525691e-07, -4.2849670015271117e-06
247.68775930090356, 0.59642696945452611, 1.3568808105989012e-05, 3.292444913173279e-06
247.68347561418619, 0.23154594534394163, 2.0617745111696144e-06, 1.084359679507598e-05
247.80128457090336, 0.5006068022079716, -1.7943654218289161e-06, 1.3997639691211102e-05
247.72314583394774, 0.57705706360458731, 1.145954496464141e-05, -3.9271398601956166e-06
247.87816763756027, 0.44760307280881911, -1.2651171672546939e-05, -3.4293028010631601e-06
247.65950133069251, 0.2110853274723424, 2.0800053656075258e-06, -3.8051720208440054e-06
247.94431473442941, 0.43933371236849578, -1.0110082914764528e-05, -1.0289563005691654e-06
247.46753258993118, 0.20169059227335054, -6.1295070839395077e-06, 5.747453270720595e-07
247.95042476257646, 0.35524913531230345, 6.4605996914266762e-06, 7.3820692206914768e-06
247.73262426508472, 0.18333310032728548, -1.1332517374376913e-05, 1.2486871675885343e-06
247.67882291592178, 0.37062862723388235, -6.1008135531484303e-06, -5.4691007767329606e-06
247.73939975952527, 0.55724534691369976, 1.6881847727346421e-06, 1.9623543166452745e-05
247.54663295088378, 0.30846519458729565, 5.1256307690952893e-06, -3.1218428351059693e-06
247.86125821541049, 0.29026522285118844, -4.2803803134219077e-06, 8.0153772602255603e-06
247.68953161418901, 0.13680405153600178, 3.5417625409504338e-06, 3.4510274121307715e-07
247.86285790921482, 0.27603101112024897, -4.732708142345579e-06, -2.4732983478089132e-06
247.65339636331478, 0.14318006949264631, -3.7934658907358162e-06, -1.4024928187075064e-06
247.7188320386108, 0.080015628136571579, 5.0481332273851318e-06, 3.0220540327644095e-06
247.62976823667398, 0.12881511362282716, -1.6987626397331941e-06, -4.3439025933639315e-06
247.65767999186966, 0.45024021963649741, -1.0207624391935596e-06, 4.5775458869292244e-06
247.55458443354831, 0.59476138921747668, 3.6222543198897531e-06, 1.2930663571053313e-06
247.72299782948758, 0.53954280854549475, -1.4833154232866514e-06, 1.0270957634714281e-05
247.62217133160451, 0.50816297237259422, 8.202695357606741e-06, 5.8213138723331156e-07
247.62380903740939, 0.30223377513845928, -1.0756969117988864e-06, 2.5462477069308362e-06
247.77167476074166, 0.28917340656818186, 4.3202291046489986e-06, -7.1896181742848316e-06
247.65843365394906, 0.45301116313433987, -5.517036131623892e-06, 3.5772524116092211e-06
247.76008949911005, 0.47699839764038199, 6.3629572991311674e-06, 5.559809065972904e-07
247.87287263561851, 0.4159874753661662, 1.1889348052753372e-05, 3.6598066045956e-06
247.54600017300578, 0.93689128633699736, 2.376826059949605e-05, -1.1403921759642469e-05
248.04662523318265, 0.60002217469781094, 1.7471294768676945e-07, 3.1929657968117957e-06
247.66547113354181, 0.45590106956368187, -2.9004181935576243e-06, 1.2413776397080066e-05
247.7000902675498, 0.25246448665985455, 3.1334157242348706e-06, 1.4223536312778012e-05
247.60211769839512, 0.29093987395177506, 4.359400881620994e-06, 6.1539039645695577e-06
247.5320735453999, 0.19414184653069858, 3.734128054491412e-06, 1.315944552227451e-06
247.61135949812896, 0.28335824670660742, -7.8786576734984176e-06, 3.2855138048289456e-06
247.66688340593964, 0.41718155684858776, -7.5884200550916842e-06, 2.9717073102002669e-06
247.7417896862512, 0.091601426799325911, -4.2211705966205376e-07, 2.4095084474367075e-06
247.89702549267011, 0.21837950590076935, 6.7481642498254938e-07, 6.3706331893835467e-07
247.67921334031612, 0.25213741265110373, -5.7182196322290485e-06, 3.238342821230463e-06
247.85147138119174, 0.28461102352969347, -2.9354800203624662e-06, -2.1852875029154777e-06
247.5859023247296, 0.033799931859092476, -9.3631220805742001e-07, -4.0259393739715843e-06
247.70475547026996, 0.37151563024552942, 9.5878133897801141e-06, -8.6713272971598983e-06
247.81319765386675, 0.12743208722368202, 1.7824632929441026e-06, -1.7405882588809984e-06
247.68044435178086, 0.34647523252880047, -6.1482021077834335e-06, -2.7955653992268939e-07
247.61028835712108, 1.2082979996555305, 1.7933754823072498e-05, 4.2458953562872529e-05
247.71663300276987, 0.11036088341480839, 3.0393772878266346e-06, 2.4914812278690045e-06
247.89869254001221, 0.14650378731446972, 4.1446813451983775e-06, -3.4796800054931406e-06
247.64659470691495, 0.30731164516860521, 7.6229195106528067e-06, 6.9370044045761223e-06
247.61776302001198, 0.18428547654102637, 2.0623017079454129e-06, 1.0414283124195188e-06
247.95971047244322, 0.20030771305141973, 6.8408463593470962e-06, -7.2033078063534997e-06
247.55353942472613, 0.5892664310709802, 5.3741060697622786e-06, 1.758859658812997e-05
247.59112646133107, 0.19532801929976423, 4.102018907949008e-06, -3.2987347058376528e-06
247.69457068071503, 0.69399217680597558, 1.075870535797472e-05, -3.7668021947538938e-06
247.75077981409353, 0.14901877643396744, 3.0896547952851933e-06, -2.9331544014233545e-06
247.88747805901917, 0.2945868242659504, -1.0511146548473655e-05, 3.2223187363406519e-06
248.01324300269263, 0.32899872290466042, 6.4239038317671286e-06, 1.1429907127785572e-06
247.29091348111234, 0.76829626417955577, -1.3630803392031088e-05, -2.550339554823002e-05
247.66417703650188, 0.68127296729106512, 1.6930540661735836e-05, -1.1337726085403164e-06
247.75020488803406, 0.44357940481839986, 9.256542184507083e-06, -7.3298831395372855e-06
247.62040327608173, 0.29730294783776762, -4.7454561055240263e-06, 3.0098644956254392e-06
247.76844248167683, 0.17217015405444619, 5.0705878320834159e-06, -5.4049057842750311e-06
247.46656691545567, 0.26341601641096446, 4.3074508408734284e-06, 8.3177584836545088e-06
247.84265183067686, 0.25577062645529336, 3.0903907579322626e-06, 3.8138553065589934e-06
247.69802412103746, 0.62588633237829605, 1.0540362688396049e-05, 1.056522699488289e-05
247.79869489654496, 0.68032448140137458, -1.5659158186535435e-05, 7.173182190997139e-07
247.67218541473713, 0.32768926373645552, 6.6298911506659925e-06, -1.5925936334859017e-05
247.80036627367554, 0.26352302529620186, 8.8625721906177614e-07, -3.9520940032076275e-06
247.72310199411828, 0.40916278154847274, 1.0182890660443974e-05, -2.6930543401486603e-06
247.76369267098579, 0.59240023955729648, -1.3053107235930105e-05, -3.6564005054245641e-06
247.57306358487128, 0.28315626951001904, -5.0608016813566013e-06, 3.5571370083673559e-06
247.68635531398598, 0.14325175234998724, -5.0861933741364896e-06, 2.1354981366286604e-06
247.63204748935013, 0.24739912389122456, 3.2241713074304691e-06, 1.7987147630190351e-06
247.74182598813988, 0.2296508972154569, 5.4908771662242966e-06, 1.098701176101703e-06
247.78760322443873, 0.41722398897162088, -2.4926909748170145e-06, 1.2574555696798876e-05
247.7946072701358, 0.073752045721386175, 3.0050563674419742e-06, 4.7115873209315816e-07
247.7312779672061, 0.14321072049913566, 3.6838986947639438e-06, 6.3520247752551485e-06
247.82118146914348, 0.48626739628677512, -1.4161976755589945e-06, 8.2256932021429262e-06
247.92348113102241, 0.34563364713002709, 7.4281986873947888e-06, -8.7666646242091026e-06
247.56365703892553, 0.053656145418917368, -9.0356192249475349e-06, 6.2652276457597176e-07
248.0112533396393, 0.43614510743695001, -1.1241108641595031e-05, -5.1698589764551147e-06
247.57056756855192, 0.149546971663923, -7.7066725383609398e-06, -2.3622480873819787e-07
247.72895550615894, 0.3066094671781282, 4.1661440294919158e-07, 6.8196060767058676e-06
247.72805110289579, 0.67097136095615362, 1.0152935749078919e-06, 1.9375078619578373e-05
247.70778666752557, 0.59312378552028266, 8.6321602660292512e-06, -1.0058309138232836e-05
247.72125689317369, 0.24186377652459065, 4.3771168639333251e-06, -2.4732636709895605e-06
248.03180755366526, 0.35420201344204905, 1.4648439992102643e-06, 2.4387723657981332e-06
247.92796079197635, 0.52791886809782262, -1.4350075791658073e-05, 1.1399804986885036e-05
247.47984996006451, 0.28336145693320741, 4.9200925533057604e-06, 3.7813934207661044e-07
247.88958279510459, 0.054144096598150809, -2.2379229180390496e-06, 1.0644086488259549e-06
247.70564547713144, 0.14640946125220719, 2.8839330103807427e-06, -7.2142066573575864e-07
247.7118006515789, 0.10735190358434248, -2.4391847919438851e-06, -9.98039712580876e-07
247.87505314281637, 0.16241707177282072, -1.7550958261340396e-06, 1.2370106535212924e-06
247.87889043451213, 0.62541468819103252, -9.0602150581432073e-06, -1.6183780456965399e-05
247.76603268306457, 0.099855407246057779, 9.2065234508329985e-06, 3.5106697367258673e-07
247.77882937359942, 0.53078177693132533, 7.2843344523776169e-07, -5.9020155747058473e-06
247.92109178771426, 0.30919592240884974, -6.51915603866707e-06, -1.7437953478863314e-06
247.81575611644632, 0.31809633468673226, 8.8765389750273161e-06, -3.7040953863086777e-06
247.5972939403963, 0.12307334624677516, -9.9539777607915143e-07, -1.4071766879493658e-06
247.57029054837781, 0.21143239440743603, 7.7726933142279351e-07, -4.8571297939377718e-06
248.01915071415888, 0.31832202563095385, 6.8015964765273997e-06, -5.6951307256979355e-07
247.46736919120647, 0.43174188445746281, 7.5047034969208047e-06, 6.0270181282765602e-06
248.00221733409927, 0.43898843898412226, 6.655268858663358e-06, -5.5575841036921034e-06
247.60636998005765, 0.11454079355417071, -9.7592336611714413e-07, -1.7839066534348496e-06
247.94112670884184, 0.3568277100014991, 6.5894608068551955e-06, 5.1346543243389013e-06
247.93513896306561, 0.17416961951183157, 5.5993070555761219e-06, 2.7283098638479622e-06
247.70727051278251, 0.51685781068081194, 9.5546343955688143e-06, -1.089830466584196e-06
247.75725709520088, 0.43477150797140479, 8.0902635030631282e-07, -4.9041068394221258e-06
247.6807994137996, 0.21244340083392521, 5.7154489407694579e-06, 7.808960185644083e-07
247.6723054329884, 0.92955180811157756, 3.6759592595276023e-05, -1.1799815532551519e-05
247.60420218720088, 0.058230412659480098, 2.0990435410989284e-06, 1.1980190919334404e-06
247.79180086599214, 0.19161017495830171, -3.4453533389514899e-06, 1.6047799216847656e-06
247.75897386455506, 0.15936946270222235, 1.6608082396888855e-06, -3.9256146341813384e-06
247.80325992210632, 0.19484144639531964, 1.5619292944636252e-06, 1.7766443907782532e-06
247.65620554825571, 0.044150276649569387, 7.5437136923486557e-08, 2.7283501257044432e-06
247.68504353285769, 0.044013352786970723, -2.8848292047838944e-07, 2.8622570246534673e-06
247.96910576117688, 0.42967513519448441, -1.9166775132952205e-06, -1.3379432777806817e-05
247.79012208539669, 0.40296490831488074, 5.5764040987605838e-06, 2.8760895872363627e-06
247.63891876034114, 0.80654465417967536, -4.0735879422981793e-06, -1.202547001449577e-06
247.56732132317367, 0.16783726419790598, 7.106488120781103e-06, -3.8876407488635076e-06
247.62179587731882, 0.49534139790550535, 9.3797362716322374e-06, -6.3246682930695743e-06
247.54524596427001, 0.11933217314395413, 3.9517545529642838e-06, 1.5208229138312751e-06
247.85458373487958, 0.12078616137584236, 3.4257829908058093e-06, 6.0648610261013543e-07
247.76485994263851, 0.057370110984588017, 6.2318664988200844e-06, -6.6325947558335723e-07
247.58098346163823, 0.41681812624314379, -4.1739221030768591e-06, 9.807950874940189e-06
247.8380178396294, 0.23310322572046865, 5.3238277299110505e-07, -1.1906441573940832e-05
247.79754116225732, 0.39309702987004413, 8.5346015434451859e-06, 4.7724168016895603e-07
247.76128800366783, 0.27030405837094562, 4.5601521605935728e-06, 2.3880692626889094e-06
247.56204601746302, 0.29423763537446396, -2.5776349704216464e-07, 5.0602538610495352e-06
247.83763168925537, 0.42049583632038479, -1.514676375283172e-06, 6.1172177753226411e-06
247.79724460500475, 0.31258726955262978, -5.0570128203266273e-06, 6.7981087749021604e-06
247.58236330419246, 0.4166203689818716, -1.1000865114604638e-05, -5.9585026818776783e-06
247.61395109295569, 0.242585336629734, 3.5278919198666555e-06, -6.4144690249143319e-06
248.09177261795796, 0.098799730773710681, -1.7603150355546587e-06, -1.4973252091447189e-06
247.59409925716656, 0.59980029730162598, 1.2898087486231781e-05, -1.2127009337873388e-05
247.47873295307335, 0.28672472636855656, -6.2039701061827923e-06, -6.1072438735296852e-06
247.88152937310915, 0.18842566128151142, -9.6294028787046579e-06, -3.3747902973059908e-06
247.84552018040637, 0.34549918201954027, -2.7808054933747936e-07, -3.1063168839066803e-06
247.6839025993749, 0.19606014363290689, -6.0716376810353639e-06, -3.374351378052075e-06
247.67795045097668, 0.27490697441556927, 2.8183402906269954e-06, 4.4095634696183396e-06
247.78309584283468, 0.0072907828981084903, -1.7209285930650078e-06, -9.566283750834321e-07
247.60672436261328, 0.58317896978745543, 3.6370739246785645e-08, 7.3988277402902211e-06
246.20595138049609, 2.4821842155865776, 5.8972279922221664e-05, 4.2436546124165278e-05
247.63352742642067, 0.086891898640685222, -2.7313299367759058e-08, 2.8194460167262296e-06
248.11091152311221, 0.25329909367727343, -6.1332346229111665e-06, 2.520156032082469e-06
247.65901389028758, 0.32775710525280605, 3.7821551296426197e-07, -2.9089649259514625e-06
247.87668136103915, 0.10838301185974894, 2.6880578971701217e-06, 2.6924008918161584e-06
247.61660921726116, 0.39039201953219443, 3.1235063499750636e-06, -9.3834547760577476e-06
247.89511238781418, 0.18115519893806173, 3.8455626469446597e-06, 2.086433198180917e-07
247.72390252733649, 0.061337142943906735, 3.5294780895791277e-06, -9.9620665550517891e-07
247.69056715301195, 0.11309385400355698, 4.3261757559928636e-07, 7.2942203614640691e-06
247.93439443087505, 0.32043091949536984, -1.0008030984374462e-06, -4.3716117509820062e-06
247.85872396695757, 0.23788029273934505, 2.8455403654519157e-06, -5.120430043531857e-06
247.74291850304408, 0.3761174556491233, -1.3959646261479202e-06, 8.426430316079443e-06
247.9786635121236, 0.41505904905156732, -9.4543866235584764e-08, 5.331621246763253e-06
247.614757217847, 0.57032023805182674, -1.1529000119253382e-05, 8.6568245978759138e-07
247.7973868744435, 0.23609109812074483, 4.7085793208235605e-06, -1.2204371520596924e-06
247.44235454163666, 0.25054480381889199, 4.819435207886394e-06, -8.6023019699256576e-06
247.68124539046147, 0.2409129753628268, -6.2813860362186856e-06, -2.2893130379420828e-06
247.85176938984333, 0.2614201007645604, -2.2536603742462754e-06, -1.1029926089396574e-06
247.78255932531565, 0.27605473481396986, -6.5798617307492644e-07, -2.7979767993089455e-06
247.79490640819398, 0.22038811730669988, -3.1532486673512597e-06, -6.0559275192017915e-07
247.51585979276558, 0.16567961715380161, -5.3684627812870111e-06, 3.3924353188372395e-06
247.51002905024171, 0.27346032753712302, -3.3927334962127354e-06, 4.9408455591264603e-06
247.58718888955801, 0.31836275422099303, -3.3582320420425811e-07, 1.7421751683256288e-06
247.9942570747713, 0.23438418925858279, 2.9982347192687256e-06, 4.3808487497374601e-06
247.87616575475127, 0.28867921230051941, 4.9808653466362771e-06, 2.1159595241860667e-06
247.65724054071956, 0.051971245604518872, 1.125507266536655e-06, -1.6985472533230856e-06
247.57682562141568, 0.17091297272660208, -3.6637098972423852e-06, 5.489509791664168e-06
247.93741695803649, 0.13087545522317359, 1.7783896906096815e-06, 2.0020980057499739e-07
247.90645693938899, 0.39392667213812166, 1.1606380972006604e-05, 6.1475579730035543e-06
247.79014556760384, 0.52161091674166704, 5.1086203636768521e-06, 1.6503998734728036e-06
247.87123242606856, 0.26916222438817544, 2.6705558183846308e-06, 6.9839679319973408e-06
247.81092462748643, 0.2523535700765242, -4.9872405420817439e-06, 1.0928824581155163e-08
247.78978337994141, 0.35313616222499067, 8.2112386039226812e-06, -1.3555416101094742e-05
247.8835685982196, 0.068592208458699802, 3.7058309288438758e-06, -9.5513601820295041e-08
247.85580841097621, 0.15899975755721626, -2.3507122769642164e-06, 2.0691269775449452e-06
247.64222867913787, 0.15147104808164699, -5.4269256185999145e-06, 4.1045695836075563e-06
247.81732441554752, 0.19476430533868855, -1.7028069842228196e-06, -2.2789156896001372e-06
247.61516220872568, 0.48997070253183944, 3.6899883133221051e-06, -9.6571425858070336e-06
247.51352867051236, 0.31009235992910689, -2.2303081418392151e-06, -6.1699276536052951e-07
247.88478914351779, 0.11017076881150877, -4.9021674616937287e-07, -1.2378090977844399e-06
247.93596949870343, 0.12906812077680363, 1.3856322151528022e-06, 2.6599072346961602e-06
247.78029016414641, 0.19819676981126494, -5.5875317548211765e-06, 5.8933365308707509e-06
247.79062278695935, 0.29196814267618265, -7.2855172864789855e-06, -3.7342019527218665e-06
247.56747712975792, 0.26404630682932301, 2.8469763601714778e-06, 3.5544306273569351e-06
247.71550518683821, 0.18782002058202107, -6.1590678078206878e-08, 4.7436811275068982e-06
247.67980912012717, 0.65118970055704439, 3.9024367771690119e-06, -1.5819108183195389e-05
247.52311363272128, 0.24883043882798914, 4.3829860686941707e-06, 3.0714337584427918e-06
247.44394278427393, 1.2778553014534781, 6.708765623442376e-06, 1.4508657268258299e-05
247.93097531138935, 0.16844983368161806, 4.0124810768752125e-06, -2.3378311656064686e-06
247.68295926497635, 0.14187369187752746, -4.1892281401094261e-06, 3.3565667128172095e-06
247.80184712250986, 0.57457141848356674, 1.1226633510978379e-05, 2.6789448273586697e-06
247.65484311236645, 0.15244570342644523, 2.3051579717644308e-07, 3.6725633698439474e-06
247.8175790644332, 0.45098606252526646, -4.9844669209546736e-06, 4.2492311668150114e-06
247.96835207510236, 0.55589715088646141, 2.2348957364299562e-06, 6.3117933372449934e-06
247.64653135436319, 0.46460048580483609, 7.3126868352190742e-06, 1.0386767722279548e-05
247.60042690928464, 0.37594026160602334, -1.1629844136998225e-06, -2.3470842224515285e-05
248.01028371986897, 0.20242014038706768, -4.6811294747649113e-06, 2.1282292403042488e-07
247.65000849404919, 0.54063355962146464, -1.1100269381838696e-05, 9.991958748104612e-06
248.14662697895454, 0.2056053821040941, -2.3849260084539552e-06, -9.6903271887471535e-06
247.64062405351859, 0.33380449523784023, 5.9991022290729154e-06, -1.38361027538869e-06
247.77360005189348, 0.29568757830458386, 6.6277029891703119e-07, -4.1067869547005031e-06
247.43369232505833, 1.052525567590652, -8.9681115026965899e-06, 1.0225150462743655e-05
247.88803272693752, 0.4812824946359745, 7.2902670416133574e-06, -6.8378204656214511e-06
247.78957105474609, 0.15824777329127596, -1.0435648653418288e-06, 6.5550800487327608e-07
247.6043649687148, 0.17043354450246542, -1.7080016703635132e-06, 1.0097014851199665e-05
247.84415922320704, 0.31124278961969026, 7.9346343995047192e-07, -6.8695831708704915e-06
247.46807123816939, 0.71388444545933571, 2.2711827715769063e-05, 5.3412151613683821e-08
247.83602027644784, 0.51618969588539565, -1.8482264995973766e-05, -7.6136062302119575e-06
247.87211281474782, 0.33416941607237338, 8.4585088577449797e-07, -8.7782536522171431e-06
247.60376760070255, 0.39497453128263404, 5.408395671948221e-06, 2.6488758149169118e-06
247.75779431493186, 0.13344051935766402, 2.1898415297256137e-06, 4.130293677144231e-06
247.91065971063972, 0.20124030648341393, 3.6911985857509529e-06, -3.2227489528420323e-06
247.75897992789766, 0.44054550970309675, 6.0890862814522296e-06, 6.8179292592682536e-06
247.7521122289474, 0.37764874069421794, 1.1540982127425964e-05, 7.2036690428977551e-07
247.72809008270897, 0.18141885583274667, -2.563421540056094e-06, -5.2767098035735259e-06
247.83384264407837, 0.19073234554483934, -5.1980383368007335e-06, -1.1986622895686803e-06
247.63827261258706, 0.65318234024007926, 3.3065457401200812e-06, -1.6525589294406189e-05
247.80971488983857, 0.089327528299535261, 6.8474690061942362e-06, -1.6995825377315771e-06
247.64517235488503, 0.61739834167494867, -1.0308202187058556e-05, 2.6659702734936186e-06
247.98277092385246, 0.12207900523655395, 1.2251312758361511e-06, -2.9703072614308028e-06
247.71307169506213, 0.31696350237366078, 4.1729770999880527e-06, -8.5501847733433825e-06
247.81742466202448, 0.21942144456692789, -1.1591461905905955e-06, 7.5821614199566605e-07
247.71118279631017, 0.12596768281846524, 3.8551291766119869e-06, -2.6450003925031916e-06
247.71957229314185, 0.79218124825155023, -1.1427846472926213e-05, -1.5169721685038418e-05
247.94719181126908, 0.42320515225098115, -2.3409654853631583e-06, 2.4427116055842456e-06
247.77653836645575, 0.47291944374441197, 6.5897674135847113e-06, 1.4037950323095979e-06
247.65532895994662, 0.13030460264869093, 8.1045815966615141e-06, 3.1950041612821019e-06
247.66968080483466, 0.25480846546251273, 2.6671772237365313e-06, 1.4922605632753575e-05
248.00420063332598, 0.17438094822776318, 7.5417286847025042e-06, -5.8079445300077913e-06
247.96576581008702, 0.36755154961463488, -8.7833608670510628e-07, 4.6429108166264574e-06
247.5264772245512, 0.15252543234589194, -2.7711283104452014e-06, 2.9531304526301731e-06
247.98157203406606, 0.30646831669148872, 1.547254105486634e-06, 6.2078537599914402e-06
247.69226777236193, 0.8112757742514739, 2.4592554412543528e-05, 1.8480136691535873e-05
247.61361570716687, 0.45874680842954907, -6.0525264054991485e-07, 8.5560126781743189e-06
247.81800181392228, 0.48241238820602506, 8.3580855756088604e-06, -5.3579579412938925e-06
247.6922300300522, 0.24801284171237462, 5.5384218753688859e-07, -7.5768556182936214e-06
247.5693463356221, 0.22916368613896759, 2.3876585092535819e-06, 5.6545341690271368e-06
247.91347193659269, 0.16414159374260892, 1.4820105944300717e-06, 1.2964729580973562e-06
247.7693910383646, 0.072657964000301695, 2.8679058039990386e-06, 1.0137961111977592e-06
247.74022127530003, 0.24931635563392371, 4.0677353481321379e-06, -7.1566977454033437e-06
247.7221136432436, 0.16967586402577658, 1.2875230649328888e-06, -2.7498381432780503e-06
247.74804955753726, 0.16971289809380932, 3.3682270111595561e-06, -2.0919390514256789e-07
247.66796627066481, 0.6651325080259114, -1.449216960372242e-05, -5.9370116517088405e-06
247.65445463801268, 0.31911302754260434, 2.7633972337075894e-06, 8.4715493176310956e-07
247.51098183246827, 0.36215390653608565, -3.7555505882050387e-06, -6.5229903149522906e-06
247.7105438679319, 0.29130183111639313, -2.8946918988352859e-06, -5.525052895996573e-06
247.84804654159109, 0.24001630281082559, -3.5714267291736872e-06, -2.4154752383916305e-06
247.7086375734313, 0.19827108743211616, 4.8111101210512101e-06, -2.039076906680491e-06
247.92426163555874, 0.19906796412454156, 6.7717802541146957e-06, -1.0020390061645443e-05
247.87375338405587, 0.060421023531899334, -3.9049252948573868e-07, 4.4702328816299196e-07
247.87700030094408, 0.5418551045659693, 2.1985216400119301e-05, 2.2655174799185942e-06
247.77612684580589, 0.12902205563722882, -1.1024617470615777e-06, -1.0772790844355481e-06
247.74891417692564, 0.7470331899472491, 3.5589417421648961e-06, 2.2514497778264519e-05
247.59507702169356, 0.36366221599079679, 8.0928524866509354e-06, -5.2506525730379693e-06
247.7474339620012, 0.48284585629314636, 6.2914738330651428e-06, -1.3124910104158476e-06
247.541929458602, 0.47100087113120365, 1.159401932599271e-05, -6.897393319266044e-06
247.59094556263844, 0.17617251890333105, -2.1509897275026919e-07, -4.8830828536874937e-06
247.8899760270283, 0.19115034515615853, 4.3071698774145505e-06, -1.3845308256001543e-06
248.04288918156686, 0.14858321000951971, -4.2713178855265757e-07, 1.0677913342919198e-06
247.76684595689071, 0.36430513515246427, 9.151647026049686e-06, -1.3509501963336949e-07
247.44916362581557, 0.34486241860963152, -1.319172517214019e-05, 4.1090609699962164e-07
247.88183506574185, 0.24540263493560663, 4.4982202408059605e-06, -4.8974776745437649e-06
247.65837509870042, 0.27713645162533895, 6.5011783228671394e-06, 4.7541187945138569e-06
247.84638959873735, 0.44701748594592761, 9.4379100998467096e-06, -1.0676443298092818e-05
247.89889637618933, 0.46980514992640332, 7.3737395822697165e-06, 6.704645314146258e-06
247.77841366028187, 0.19263037273352138, 4.5397287549011065e-06, 5.592389133191146e-06
247.74416136186537, 0.052613727625147329, 2.1536883117485792e-06, 7.7574753598907974e-07
247.75162867456373, 0.20738029729946023, 1.3998514515366395e-06, 4.7175816733612573e-06
247.48068722648225, 0.18697631117844454, -1.8391981726492358e-06, -7.7266494017910938e-06
247.862575530915, 0.12598963393116025, 7.3828769349427134e-06, 6.7610635387879313e-07
247.65013897541112, 0.20713241161304591, -3.8038395090871656e-06, -1.9324113939472726e-07
247.94896665812081, 0.710058439788394, -5.6896182032516516e-06, -1.694406582925849e-05
248.08923299241479, 0.43664671998991667, -7.8231660183072638e-06, -5.2862588271930476e-06
247.63569059420129, 0.45491511148813818, 1.202555088425117e-05, 8.3229246676921286e-06
248.00483434291831, 0.28127262288275862, -7.0931477846677038e-07, -4.8115445619816119e-06
247.82892509001883, 0.065365753602234469, -5.5616537398742732e-07, -3.4522814818225211e-06
247.82573882009245, 0.43491305186315532, 4.5639796844651001e-06, 1.1135444633767877e-05
247.915886375517, 0.1179207717298431, -2.4670905291128942e-06, -4.2189934531887643e-06
247.90524647577732, 0.33853699717096375, -9.1284845120012685e-07, 5.8724586768585294e-06
247.71239575041113, 0.66579590208682726, -2.9993332198842894e-06, -1.6270088723952811e-05
247.90825922028921, 0.29946529800033866, -1.3893567003462744e-05, 8.7336352456113593e-07
247.89997626876513, 0.06048202243335013, 5.8545663871866181e-07, -3.0136627373067935e-07
247.65437453255535, 0.34032945222982336, 1.065339508059064e-06, 6.3899465011263193e-06
247.59809497320211, 0.33844840779926233, 3.5729298901994525e-06, -9.6551666871099579e-06
247.50318814011922, 0.44468320419265095, -1.9551145729245352e-06, -6.8920859898902074e-06
247.83253377209587, 0.70051746743119336, 1.2253560959732512e-05, 9.3720736240910777e-06
247.57667044411974, 0.22029552609807276, -1.7819068595796473e-07, -7.6470909642854999e-06
247.79773409684407, 0.66796012702814123, 8.6308310188800665e-06, 5.063200273265376e-06
247.75792725409707, 0.094543453967229601, -7.0083457932099717e-06, 1.856576497995263e-06
247.65755574192548, 0.2206396390132952, -4.8616968187955372e-06, -3.504658481211478e-07
248.01247714717772, 0.092406526236082476, 1.388254247832925e-06, 2.6075438998423498e-06
247.71757050941375, 0.35781458522425569, 7.4442779560891859e-06, -5.9969599263707913e-06
247.55704709772581, 0.54678300090411758, 2.1488540342597276e-06, -5.848023394727795e-06
247.74004598342668, 0.28349813287778991, 4.4100006319711059e-06, 6.4613281827751167e-06
247.56361989981178, 0.86681532032325703, -6.0219191444061598e-06, 7.1616242724970958e-06
247.94528858536628, 0.23935520116763373, -4.0656371875239415e-06, -5.084575689118819e-07
247.48181957203309, 0.28677459050144466, 2.0273064130316091e-06, -4.4170528268029238e-07
247.77625253108283, 0.14468282165963725, 1.0965285183604463e-06, 2.5674699135436558e-06
247.88947556926865, 0.41142016165478573, -6.1935610100040133e-06, -6.7308553666189645e-06
247.64674075937469, 0.20121399246089319, -1.2953919379469231e-06, 4.9862423712650047e-06
247.51063064309332, 0.051324324936290133, -3.9802464984703603e-06, 2.9835610266082963e-06
247.90626058886474, 0.26019549161112604, 3.4460309308019601e-06, 4.5379230403569354e-06
247.82862088071235, 0.3362373567256976, 5.8242448510158194e-06, 3.0171804292030229e-06
247.65877567349514, 0.67049974340240981, -1.1063948238875475e-05, 1.2379826039681592e-05
247.53210604199364, 0.12870501202745419, 8.514101058657709e-06, -3.6012648234575097e-06
247.9366630132161, 0.36935748068205176, 7.6211869621584205e-06, 1.8057343062750245e-06
247.69747849481001, 0.20010294990220709, -7.360534607617437e-06, 1.0510451087729641e-06
247.91674828595899, 0.25079616788857395, -1.5718599310131548e-06, 3.904224825546213e-06
247.48827141376952, 0.30203946482325333, -2.8324089297011026e-06, 8.7190792688656184e-06
247.86638949150753, 0.12842009618759262, 4.5218834633269273e-06, 2.0610215598623111e-06
247.79246096051634, 0.050509332050187136, 3.6199008061495513e-07, -2.7985232132926395e-07
247.59668909937375, 0.39939843099604744, 6.5915917560114899e-06, -1.2698023464804654e-06
247.67768043902984, 0.24925852574116583, -3.3622250114160113e-06, -6.6672206343971788e-07
247.60056182699671, 0.12659523970031217, 3.8594052049972903e-06, -4.9944333802727755e-06
247.76978989285817, 0.054013935030149111, 4.2074218625012127e-06, -2.3836549172669526e-06
247.70576851681395, 0.14510373077733488, -1.5824822494574041e-06, 7.164686989780213e-07
247.62113347338484, 0.35105542210544399, -8.1773954632149888e-06, 2.7153763732744785e-06
247.75741400494712, 0.23945182147089719, 9.9841190877016454e-07, 4.2432707553795525e-06
247.66746871577647, 0.18395542574461701, 4.5517425367103457e-06, 1.6140291567328563e-06
247.88922648209439, 0.44743256296532147, 9.8191105327979726e-07, -1.0958943895220208e-05
247.60007100294879, 0.35465835776449312, -2.3469600053434619e-06, 8.7940542321784853e-06
247.85836008904408, 0.13040276495668096, 2.3082804352597904e-06, 2.5649024168364066e-06
247.59297550789938, 0.043763215072044601, 2.8832353772840143e-07, 1.2388921487553713e-06
247.59178855106015, 0.70121663166666104, -1.1046593587142393e-05, -1.3121618576857595e-05
247.83782865750467, 0.56175980622458588, 1.0433072769867219e-05, 5.7250660798173672e-06
247.7106611819483, 0.15271728939128609, 4.7900988839974401e-06, -2.3996744396963951e-06
248.02678705318394, 0.23884278922301716, 9.3589345325253135e-06, -4.8113715433378459e-06
247.80651408317775, 0.3642237715609718, -4.3614842997564584e-06, 5.3742862245263483e-06
247.65536871226826, 0.37077541957003113, 5.7581462443062393e-06, 7.4409092778923762e-06
247.60193527288456, 0.19057879351557383, 3.3404352571519896e-06, -2.4394863184351206e-06
247.8039908412845, 0.31681509193495744, -5.8452987176304018e-06, -4.3901836965525773e-06
247.69522377179169, 0.17104786656688328, 6.0817117536317692e-06, 4.4071713892008681e-06
247.74736886241115, 0.77636049770472315, -1.6136908528578395e-05, -6.0898835333047034e-06
247.35277931666772, 0.27125643357748791, -4.7233512776203455e-06, -1.1166091778552887e-06
247.77036565911024, 0.071682770663003895, 3.0267361368081948e-06, -2.6815793838489724e-06
247.59342056692788, 0.78182678966215491, -6.2920781795002805e-06, -2.9956584152284584e-05
247.60203693378614, 0.24242266516295319, -7.7976430758542846e-06, -5.1327732109321617e-06
247.88238518131024, 0.22177891326230892, 3.4778835276608194e-06, -1.5346785739710178e-06
247.60977844017899, 0.1652056820664306, 1.6238730208819229e-06, 4.5295481858899616e-06
247.94489252207248, 0.21668170803553599, 4.4025214571407616e-06, -3.7804885384534254e-06
247.7554647503288, 0.75523607191128439, -1.2443389966252347e-05, 1.224836455946656e-05
247.71851990069737, 0.27492359959346596, -7.9301225503730244e-06, -5.1076412761361693e-06
247.61112137448137, 0.089021813206873038, -2.0295559771595394e-06, -3.3289603567745799e-06
247.95982173867159, 0.27017538114719902, -3.2386446126606927e-06, -5.1551494785393204e-06
247.784586046295, 0.27297564783021666, 5.3283308639140317e-06, -6.5436767831603754e-06
247.4963822199577, 0.28345366695891205, -5.8234808050187804e-06, -5.6986133873899836e-06
245.81826408683381, 3.2615135193620768, 6.3352983477579932e-05, 5.0741505072626938e-05
247.68206219700841, 0.14584607342938205, -2.9189107006811864e-06, 5.4000014819710798e-07
247.9484677186671, 0.39794672447907653, 1.0479207546443655e-05, 8.0393288190484141e-08
247.68138533055031, 0.51578990426221505, -3.2160711889634171e-06, -6.5154587033462022e-06
247.89146724742849, 5.4317006616477386, 9.8762942053972266e-05, 0.00014611837956881454
247.22118831152079, 0.86518543031852668, -3.3796228454283153e-06, -1.01592395565917e-05
247.53126203233197, 0.26618100803226979, -5.8656983076587895e-06, 7.6888450563542181e-06
247.69557475471495, 0.4361862840456463, 2.0591841847639854e-05, 6.5207498332624455e-06
247.67414593502656, 0.18484703656274218, 3.149702657389073e-06, 1.96870533013873e-06
247.75328299184559, 0.11097362325457021, 4.8813769456137964e-07, 2.4779534507562922e-06
247.73333712484768, 0.39751041553557198, -3.4064226117628922e-06, -2.4377353462887913e-06
247.49994861548885, 0.92684309308726154, -8.9699159114006153e-06, -2.8371269879934283e-06
247.65877669914411, 0.049862741615205895, 3.5271054756032058e-06, -1.6173141299905947e-06
247.47981428116046, 0.28379369567106882, -9.9355595361354617e-06, -4.3660202905447505e-06
247.92708682064449, 0.1083421110248458, -5.1336603244486523e-06, -2.0316101286817697e-06
247.78726203642847, 0.3258825612244628, 8.1071579901086654e-06, 3.7333266747368482e-06
247.46428076622294, 0.46197989539111256, -6.9507145701012538e-06, -2.6296310193867597e-06
247.69675763489005, 0.019303069455086062, -1.1522076597925161e-06, -5.337085926630629e-07
247.84253462091536, 0.15182505093686852, -8.2969799361173312e-07, 4.8879833766145998e-06
247.60606641740512, 0.52142697280448147, 4.2136956006658083e-07, -2.960669883416863e-06
247.81253058554748, 0.20119622874560594, 3.1450790073519819e-06, 6.5148069336675606e-06
247.67568025913229, 0.16911957651942575, 3.3486946562000069e-07, 4.6903451979815284e-06
247.5982405942766, 0.25236079310844678, -7.1629299828694314e-07, -4.357760127914809e-06
247.78607837465907, 0.22744985915302313, -3.5425618276644345e-06, 2.0949620778644325e-06
247.77975007496215, 0.10076470713974778, -7.4440543182891966e-06, 2.7238682597715547e-06
247.62074059517388, 0.092176996991822469, -2.2022227415093731e-06, 4.3514338073805726e-06
247.88361001095154, 0.13906333918073815, 7.4869058919714627e-06, 4.3178779290403692e-06
247.65537397090938, 0.036490754511604752, 1.1998513157749043e-06, 2.4096028016873978e-06
247.85301521773752, 0.12855848784592822, -2.5317694514719315e-06, -2.1691023134505048e-07
247.85443959620284, 0.30739428814503195, 4.9723261440213518e-06, -3.7694791169480989e-06
247.61994112165502, 0.81155942651458657, -5.9036852848466953e-06, 2.0250308239343671e-05
247.62583252074359, 0.15178201455426299, -2.9747607519047205e-06, -2.2996497599224428e-07
247.86369022733152, 0.13792110352087392, -1.981538424809567e-06, -3.4452981738467876e-06
247.69178017513369, 0.053611535896339588, 2.1715005231355936e-06, -4.4584333877181853e-06
247.70616681578372, 0.27493444631496539, -7.66787353322764e-07, -1.1421984561765215e-05
247.46800915133986, 1.1729838281540139, 1.6178533039377513e-05, 2.2030916567588961e-05
247.5489987752124, 0.39957416307300642, -1.0597765026825145e-05, -6.2811928920402859e-06
247.61334274333896, 0.29621220161193001, -2.6769869303213243e-07, 9.9519941959921644e-07
247.71124284896806, 0.44385206647140724, 9.9230201902596862e-06, -1.0192041558847236e-05
247.46711619566136, 0.34645193858585727, -7.8538703129969283e-06, -3.1317241739046014e-07
247.79567646133432, 0.1844790625649845, -1.4151226385660335e-06, 1.9063272769547212e-06
247.52839472171766, 0.33974087581972007, 5.7261206159051013e-06, -1.3400686792377161e-06
247.48380037868571, 0.24969074043512576, -4.8653312508590546e-07, 8.6797956317986922e-07
247.46728194471294, 0.27498431487245772, -4.8611169834025594e-06, -1.9415501021416487e-06
247.69964046875964, 0.24463749576660923, -5.0610660837581441e-06, 6.3208956434977347e-06
247.76406567050626, 0.23125893935032554, -3.603592397322678e-06, 3.2649502816982554e-07
247.70847262709128, 0.44131913704447201, 6.0089207654428094e-06, -1.0578476326866023e-05
247.61744283075001, 0.096977873076226601, -1.2142203505209249e-06, -6.0103952343180358e-06
247.87680300460951, 0.27008125646828945, 2.1497521338671585e-06, -4.8645120832960046e-06
247.87721955712689, 0.44257453190954255, -3.983501574361601e-06, -9.8078416019205096e-06
247.83315755285216, 0.25994588430715648, -4.7107910278724351e-06, -2.6648072521772458e-06
247.91612164107096, 0.078374069404264043, -3.9766226960362246e-06, -3.3533059514115932e-07
247.8262107037271, 0.27496126825836764, -3.2242294487490491e-06, 7.1930940217101999e-06
247.61012491949276, 0.73182931410946495, -1.8169694811220022e-05, -7.2524420695998546e-06
247.81742890383555, 0.27779823297605721, -8.0593062555012195e-06, 2.5692742819998633e-07
247.58476807607238, 0.53323830175856402, 1.02356477150449e-05, 1.1029565951247735e-06
247.82082844443255, 0.52437528985736093, -9.4009143639274127e-06, -2.3585475726335723e-06
247.98437988574733, 0.23452553635451814, 1.9067821382264393e-06, 1.7647321632890787e-06
247.69545411472802, 0.3487882100801506, -1.2408506619430283e-05, 9.4106754346891562e-06
247.56420396582823, 0.30575823772069854, 9.7639954350614595e-06, 6.9596572146432153e-06
248.00865042914359, 0.3305606150702865, -1.8608968867303819e-06, -4.2475032963564565e-06
247.93689208094165, 0.26742425417435084, 9.5915529507896676e-07, -9.2971058002298316e-06
247.61291925182763, 0.11533895123793933, -2.4747907212452369e-06, 3.6497133079920963e-06
247.81635481486995, 0.27312819412755468, 3.9105730375784818e-07, 8.9615473727215314e-06
247.63644608582746, 0.63804164553761156, 1.6392598065745688e-05, -5.3622754152635507e-06
247.63220331853333, 0.38204354723903933, -1.1627868203175369e-06, -4.0183999272142568e-06
247.5184152720924, 0.71261332899581353, -6.3219601942457946e-06, 1.0017657952092219e-05
247.67712010498948, 0.26811332222517892, 6.5043349704088596e-06, -1.4218290595037031e-06
247.70115474827358, 0.44307019147905591, -9.4469238698220847e-06, -4.09692909688579e-06
247.93514458842699, 0.37322321595615154, 4.0899896295846647e-06, 5.1883509067641471e-06
247.43935685070835, 0.38739361440103925, -5.3058344567561308e-06, -1.3177832246988689e-05
247.55699993991757, 0.18120258744869594, -1.1248592430450527e-06, 4.1372412059639127e-06
247.55807674845713, 0.065407348887823666, 2.8199759783737419e-06, 1.6582603678818638e-07
247.8793604989817, 0.23629813906321126, -9.651825215338289e-06, -1.9780567366478827e-06
247.66738717049716, 0.3127254038885664, 4.2096064351381139e-06, -2.0268392277898814e-07
247.62326612927987, 0.1405866541293227, -3.3947524782585431e-06, 5.4315619482443134e-06
247.71117356847947, 0.24136915232314438, 1.4086716280524412e-06, 6.2436825456122843e-06
247.70038825057082, 0.17398111976518574, -4.3156885205589019e-06, 1.329882891219796e-06
247.89168284935488, 0.2003737512102495, 5.1868293193545546e-06, 2.5251011329358287e-06
247.64899381332123, 0.21123330328469422, -1.7320901805054267e-06, 3.9184355839894967e-06
247.68795734990931, 0.49410833925922304, -1.0055553252454613e-05, 1.987493090578728e-05
247.80018456538528, 0.073340077624389127, 2.3650701917656208e-06, -1.8254810862912319e-06
247.8879897818243, 0.39463489651820249, 5.2999796145402599e-07, -8.1001869670769782e-06
247.80454869624398, 0.23506179037136443, 6.8919261029587084e-06, -6.1550162573193318e-06
247.81275493211768, 0.32260640714233352, -2.3680930515522707e-06, -6.1337830219759384e-06
247.49860601499904, 0.46861828037202802, 6.838141579763388e-07, 1.1604740827345952e-05
247.83455643349862, 0.28215596297907464, -1.1740401022927125e-06, 4.9983201968555347e-06
247.4911883557121, 0.263478834301826, -3.3733475400845034e-06, -8.2976150268642913e-06
247.592172865766, 0.89647314069464556, -2.9332273160339361e-06, 1.1240089412768057e-05
247.83654123178778, 0.23692861369289966, -2.3397381936481405e-06, -4.2377478639503538e-06
247.88142338800608, 0.6060136146172217, -1.3399396975301791e-06, -1.1726434386523827e-05
247.70553046323047, 0.34181729025088115, -2.0353524837220157e-06, 7.2329605101460481e-06
247.7278286145191, 0.074420609249310321, -4.9671721798000248e-06, 1.6704505039713772e-06
247.59117236245405, 0.17423511888814558, 4.1939982812410469e-07, 4.0367079440309496e-06
247.79071775676394, 0.1692975340264056, 2.8105454465034827e-06, 1.4102122259053821e-06
247.82270363272073, 0.30723842328657069, -5.0308039265594604e-06, -1.6368230640486144e-06
247.58996708616138, 0.15478699561162823, 2.7088358974819235e-09, 3.7415006578606319e-06
247.66673614116715, 0.18786986095656652, -4.0978341794041247e-08, -1.5639068039591998e-06
247.84033672712303, 0.3476476369750352, 4.6423116185972023e-06, -1.2905580611495391e-05
247.97915180653803, 0.37152018524782476, -1.1779970971182485e-05, 5.7875456492810989e-06
247.76073608542237, 0.12203103251024117, -2.8084509903166939e-06, -3.7154645169049313e-06
247.7591003427377, 0.012793792332673337, -1.9609806013239213e-06, 3.4956292441193912e-08
247.78964493900892, 0.2091692171939776, -6.0049101737839733e-06, -4.1464786328183698e-06
247.68381608164432, 0.043567677727820948, 3.4131297003633226e-06, 6.4668022125562755e-08
248.04556354654844, 0.23938187789893337, -7.387753203973503e-06, 1.9518457879405694e-06
247.80229895921653, 0.25917695847905564, -2.0457989938092483e-07, 2.5942940265044717e-06
247.77396407639037, 0.16731275429636011, 8.4414740855377909e-06, 1.2562188931189401e-06
247.8414926011161, 0.30138812972630674, -2.1212717468909039e-06, -1.3216956108926015e-05
247.67842526842773, 0.14169183145741421, 3.5002008060863852e-07, -2.9606718503945675e-06
247.68947919497228, 0.63570167774014252, 1.4786125458776645e-05, -3.3577590637488039e-06
247.76041551923066, 0.24220090375219289, 5.8234641989710125e-06, 1.4647337930792264e-06
247.44142862670967, 0.48474041948116536, -9.4380227495599806e-06, -7.3209756882525909e-06
247.60419475929754, 0.26327375040515788, -6.1304081240597785e-06, -4.6477849721982327e-06
248.03758257743974, 0.48068833193077554, -1.507888570929411e-06, 9.9320793062521569e-06
247.66992968278797, 0.12143450505230484, -1.2460293472751253e-06, -2.9198652113146832e-06
247.59550740549673, 0.17080354290250899, 4.6159976620301707e-07, -6.0653138034934886e-06
247.61033950688554, 0.19115801277034894, 1.4830478692154545e-07, 1.1811448672604798e-06
247.60120471811061, 0.047010587817045202, -2.1233962928340898e-06, -3.223764554069455e-07
247.87194601332766, 0.20413481323028307, -3.9855465520603686e-06, 3.6811232109410328e-07
247.7308605249377, 0.22193752634350364, -2.8687882745327659e-06, 5.3937678759833582e-06
247.57497038723525, 0.20351844086517148, -4.6778337601307511e-07, -8.195026178626369e-08
247.68254469946555, 0.19421238823208203, -2.3407655184692709e-07, 4.1816156937017973e-06
247.81164168115225, 0.065131640748556568, 4.0798904935879345e-07, 1.4736392385823987e-06
247.59262567261118, 0.28558763455848429, 4.5990670453602731e-06, -2.6520573763683466e-06
247.79074813241803, 0.09445497820619965, -1.2761620091433363e-06, 5.2055914738320488e-07
248.02051522713884, 0.12411450118390027, -2.3706578884958172e-06, 3.6262014179569923e-06
247.51509387121291, 0.30353513299876628, -4.9862314489937081e-06, -1.4370231856916399e-07
247.85912120956306, 0.42579578405256657, 5.0406758283789658e-06, 1.4550966635943744e-06
247.73056768507212, 0.44867425951605028, -1.1016889853170082e-06, 1.3779734257525395e-05
247.66922717292448, 0.078357991807578908, -2.4736093182473853e-06, -2.2144923452152194e-06
247.78294530611467, 0.37210573532154434, 1.3412077378441855e-05, 6.5714917612036663e-06
247.69727940705488, 0.13298356325132457, 1.1720679901363072e-06, -2.1209647886736608e-06
247.69502815196262, 0.29372514966818175, -6.6251791860724622e-06, 1.8739286993115848e-05
247.74516013990578, 0.14610876568202691, 3.5117974567060448e-06, -2.2407764461745029e-06
243.71569404087302, 4.2566152778812185, -3.7526271418937387e-06, 0.00017044744345859428
247.77086349207792, 0.20805176521369886, -4.4883952023786282e-06, 1.5474575566212703e-06
247.90428538495595, 0.081450122148515158, -2.0906852445293084e-08, -1.3263721098785267e-07
247.90038539668706, 0.069419650425855697, 2.5526207368515093e-06, 4.645273740199424e-06
247.51511312849823, 0.5140180320002008, 4.304941929360698e-06, 2.0823153366810815e-05
247.56482087921583, 0.4647158500886413, 3.5902887314966663e-06, 6.9899792727948932e-06
247.68396221337983, 0.21100581229232329, -5.5920825896955306e-07, -7.2050061024042854e-06
247.66833320192504, 0.47471342956873652, -1.5430830422032679e-05, -8.9021414684476746e-06
247.60256458760597, 0.10710836225285979, -1.2152678155662355e-07, 1.1751311262770382e-06
247.68682863942601, 0.74308590649772066, -2.2164576086520254e-05, 8.9638547316024243e-06
247.97962638064311, 0.35524589194011658, 1.4704832381777458e-05, -1.2517067297976486e-05
247.67373287534519, 0.16977418139682504, 7.368733265630955e-06, 8.4115409297360149e-07
247.88516204770985, 0.17065343888679571, -1.3121965604430977e-06, -3.7422080701448572e-06
247.59966853687948, 0.17975354170536512, 3.0510270645463337e-06, 3.4468115827447838e-06
248.02908985555072, 0.19405723232984173, -2.1744531581261874e-06, 8.8651789923277368e-07
247.66491266679071, 0.8653679968113972, -2.3792268692224718e-05, 1.2224849007159497e-06
247.76937456940863, 0.080580678364987529, 1.2962184159694556e-06, -2.4553624252177889e-06
247.4785038037148, 0.21483407660001988, -7.7803988487601614e-06, 2.1744842124432663e-06
247.78801876995865, 0.10368381246195234, 2.2004083261237888e-06, -4.3950877176317821e-07
247.58689402933851, 0.53006101599412969, 7.8132331127546274e-06, -1.0218798218496276e-05
247.93745710511692, 0.50920946748700824, 5.8312276510773e-06, 1.4520787886520911e-05
247.76526121722003, 0.14811639430837251, -4.5662021589679672e-06, 1.992796694354083e-07
247.78039985340612, 0.17209737705662498, 3.4507239966823537e-06, 3.8828014540203998e-06
247.71071702278783, 0.25698711316930839, -4.6121717133615965e-06, -2.5752796177561986e-06
247.91964366427149, 0.053048201657141178, 8.2571771092442112e-07, -2.5096504372176836e-07
247.72615124414827, 0.4596756740897221, 3.3555528056308802e-06, -1.3991472655488864e-05
247.76082622994579, 0.23883847038058839, 3.6630781595407676e-06, 5.1999067784482488e-06
247.48197236104338, 0.70700228855570357, 1.1046538446723835e-05, 3.0416093495850492e-06
247.88455156353754, 0.23312399127109373, -1.3432932307146126e-06, -3.1613094804859748e-06
247.68473238802733, 0.4557940659937168, 3.4641602755221118e-06, 7.5399029964175617e-06
247.66135975355303, 0.23877556806345432, 7.4380804981545255e-07, 9.1621036605572292e-06
247.56938265974236, 0.47842115422291398, 1.0196607197922159e-05, 1.4201283443724235e-06
247.9751488337981, 0.21989635237610453, 5.3517715008524687e-07, 5.2560171573120271e-06
245.83522377376144, 3.1296959272367673, -5.8225026503851618e-06, -6.5728001511655348e-05
247.65398227019509, 0.017770994270050234, -2.4370993007589444e-06, 4.5830610891488499e-06
247.89381240152412, 0.31009821104053131, -5.2892044176259687e-06, -5.9224709217124152e-06
247.69611818865667, 0.30793111329212669, 6.9578409505605141e-06, 3.9682225643021236e-06
247.53487389039071, 0.19973564600701058, 4.3270345113446812e-06, 5.8375101179510924e-06
247.7251133629029, 0.57591022170195894, 1.1917038421914209e-06, 1.0629206280626292e-05
247.63330946453198, 0.19647022606123155, 2.1586168008487422e-06, -3.7419126808242918e-06
247.49539311399974, 0.84603643076681734, 1.6230138581797716e-06, -1.5016800712353904e-05
247.81539093880312, 0.23277836947885427, 1.0020910956896465e-05, 7.6109517510596985e-06
247.66874685729755, 0.48852624918838267, 4.9052709102967512e-06, -5.2546677675690244e-06
248.01761337950794, 0.097258510141945823, -9.5575785814184185e-07, -5.902922039329984e-07
247.86626021990404, 0.33688182677694473, 2.1062712251056108e-06, 1.8335967954344942e-05
247.70096420596178, 0.19062640531898523, -5.6378273592041852e-06, 5.1139776744643441e-06
247.52587602851042, 0.24503362769898096, 3.2656864585939153e-07, -1.2863884794451195e-06
247.66850459846498, 0.33555402284452407, 4.395363607174289e-06, 2.9225135527408908e-06
247.64348455644347, 0.43171939972078888, -1.2794509090387672e-05, -1.9485601979013868e-06
247.64046407792804, 0.58510465642459153, -1.1733978558566722e-05, 8.5704286689064823e-06
247.57188863452194, 0.025489056822897958, -4.3417664994286929e-06, 2.615601190188294e-06
247.91672220275433, 0.16942780514641287, 3.5918598630026186e-08, 3.1592456021240083e-07
247.78466051466157, 0.23318798618044995, 2.3136613624691722e-07, 3.0153537053187373e-06
247.54149531699039, 0.44502638950433121, 1.3331948695141293e-05, -5.1598871742515686e-06
247.70892282472141, 0.17825977741594853, 4.1282922827973067e-06, -1.0774647023698965e-06
247.95760464231725, 0.41995433334150262, -7.6874971508575088e-06, 1.7475489017741774e-06
247.73438821764216, 0.37045288232102058, 8.1169493634864686e-06, 2.5955059163621776e-06
247.7095516978994, 0.13143618607864904, -3.6926415746252203e-07, -6.7978623992833719e-07
247.69906975290669, 0.19727484193938921, -1.7783371318551502e-06, 4.8134709737164334e-06
247.4656245354052, 0.43212095678976276, 4.0632959696043027e-06, -8.324867467839521e-06
247.6639635188057, 0.14289774411379022, -4.1861185809197682e-06, 7.2286932675377628e-06
247.96863262153877, 0.52307908455884577, 9.4277803621274237e-06, 8.4448594119654571e-06
247.68123998404104, 0.15319103784797392, 8.5927887889151299e-07, 8.3251983677142597e-07
247.76012168004078, 0.32409625708226097, -2.324312856949557e-07, -8.1990621448166218e-06
247.58096397183522, 0.020554109740177549, -1.446695489268658e-06, 2.8718596282258517e-06
247.62537308475672, 0.66313487006325933, -1.3860573308525351e-05, -1.1301491018197473e-05
247.5672081698678, 0.3061101970570172, 2.6344076609249943e-06, 3.378936220649734e-06
247.82819541932767, 0.28305004812638734, 7.3914922703992003e-07, -5.6934350479420363e-06
247.6745708345982, 1.0246377991810556, 1.3840730730234332e-05, -1.051400390490096e-06
247.50116415581377, 0.084204867901258862, -4.0480923822099531e-06, -3.3368922398995965e-06
247.59434130075115, 0.21998895515242728, -1.2340830910209206e-07, -4.4909273587303245e-06
247.80173627209811, 0.23022931427196547, 1.061830414966909e-06, 1.0289167917034274e-05
247.74754284129011, 0.33653640603641266, -3.855234592164554e-06, 6.356263146625951e-06
247.87765651738192, 0.77450797094445656, -3.4804835214653236e-07, -1.4796452521014991e-05
247.76851261282019, 0.21887441436259064, 2.135228085440912e-06, 3.6579415336105053e-06
247.52154185983107, 0.16002271719012928, 3.667343428915516e-06, 6.3612690208466944e-06
247.65601375504934, 0.25965643129551141, 1.2482892492975892e-06, 1.6674779125995888e-06
247.9696299606565, 0.12455731195042802, -2.3855354684371852e-06, 2.3147312632470224e-06
247.6591316116361, 0.2284504564715511, 4.9659560088250974e-06, 4.177536579794888e-06
247.71726856510332, 0.05800938884827736, 8.8728073333766677e-07, 3.2884735638569986e-06
248.07365501984353, 0.15451377358365137, 5.2848605220865648e-06, -2.5683060458202123e-06
247.87568716642056, 0.12723730917938877, -3.6813876064210155e-07, 4.8667897340778592e-06
247.84094542492622, 0.71798363665772069, -2.9452620089530531e-07, -1.3929560273446373e-05
248.02441599647321, 0.3708613647576518, -2.5865859507294182e-06, 2.7401112299430981e-06
247.73039691546842, 0.51123343343373484, 1.3652088914660886e-05, -1.5429500044124377e-05
247.65832045625947, 0.069493788970867887, -3.0276655895815749e-07, 5.0768999945278635e-06
247.63420189382859, 0.089285517515358459, -7.8061465180167209e-07, -2.6871680201295964e-06
247.50500710882883, 0.46263826929347424, -5.8360055402057679e-06, 1.5943296974127646e-06
247.85328826973046, 0.24616964991423201, -8.2406915986578481e-06, -2.0208062617882433e-06
247.81178298343303, 0.393868587505671, 1.0724705064129379e-05, -8.8233545142099185e-07
247.8685025109759, 0.16346057619118251, -5.0940499776240178e-06, 3.2736310514141127e-06
247.68332126511831, 0.21234817704172973, -2.9682457484093818e-06, 5.9570429803853394e-06
247.80354490796358, 0.17467720357767474, 4.5133786809750226e-06, -4.0743428790005263e-06
247.69256465591539, 0.26295587152072419, -2.5285764464489018e-06, -6.9410431115509622e-06
247.64979448755068, 0.22263272415704463, -8.1486904175545998e-06, -4.1340228565535492e-06
247.79520966770826, 0.60616835666443658, 4.2539154022246584e-06, -9.2553947252367311e-06
248.01197023315947, 0.23883386123675812, -1.1537638182952747e-06, 7.4970488214746861e-06
247.74213882375076, 0.22002908122980161, -3.8750090351750207e-06, 7.6282567130350988e-06
247.61040043922603, 0.15619979073418663, 1.0888746171396992e-06, 2.8279715025994203e-07
247.58569983433125, 0.24166175240797141, 2.5584054726754743e-06, -2.0207204330939333e-06
247.57280750794823, 0.22795908220053757, 7.3668747908731298e-07, 2.1892388818623592e-06
247.83275382000565, 0.12420320058139805, 3.2716498511591281e-06, -7.8881933886818737e-06
247.82483304433998, 0.39477775494561657, -2.4526463489329988e-06, 9.1834286835503546e-06
247.9451266334535, 0.082617390093692081, -4.0981443569508755e-07, 2.146371189718435e-06
247.70036895837003, 0.48724803751454215, 4.9998871168762882e-06, -1.5334640316639161e-07
247.48114567962887, 0.19824056123992898, -1.6449644698665325e-07, -6.1525016972569107e-06
247.77337914705839, 0.14183339023866912, 4.8021572992793546e-06, -3.8420404164944316e-06
247.87583445576911, 0.67993787961059649, 1.0375501987586097e-06, 1.09581881261107e-05
247.34835754852497, 0.64647017784566774, -1.369737311995883e-05, 1.5982927561073826e-06
247.89908087157514, 0.41455426270152496, 3.3648853320322029e-07, 1.1687398010940747e-05
247.80725950703177, 0.20372482601791719, -9.6520863270931401e-06, -1.0133549411686535e-05
247.61390308373774, 0.42384970390064242, 5.1022699585961968e-06, 1.1230603021781549e-05
247.90753797902744, 0.11249513250371676, -4.0927972536043648e-07, -3.2949930521539487e-06
247.63202821380119, 0.44040216319233588, 3.3045070350543165e-06, -7.3531795858782242e-06
247.70328835222764, 0.20648041955108729, -6.2799174676910653e-07, 1.8552891639506344e-06
247.71548043806499, 0.2393413902115033, -4.366502243705627e-06, -4.8407521055986902e-06
247.92877412567438, 0.23643911407312018, 2.7829267705269208e-07, 4.2402764441791877e-06
247.9927692147877, 0.19724414980613547, -3.5319461019131357e-06, -1.5887111592630042e-06
247.82748748584078, 0.13089533662287023, 2.1926751233239061e-06, -1.4940596656037523e-07
247.55309741105856, 0.7972662183792123, 7.8203090659877595e-06, -1.7872892927177657e-05
247.66747713069603, 0.26104374424702642, -6.1574982385022243e-07, -5.9670370394746569e-06
247.79899032680601, 0.19494633678738907, 1.7112793546284007e-06, 6.1221393306855202e-06
247.74013655958868, 0.20800106890011863, -6.5246237526313588e-06, -1.1598258261727229e-06
247.91167576454487, 0.32810649634041178, -7.2488529194156926e-06, -3.9121335341122972e-06
247.84059589779093, 0.17786777293728029, 3.343136367823314e-06, -1.0388159082594119e-05
247.83026683626858, 0.61455973360432348, -1.4747082608810408e-05, 1.378698926522397e-05
247.72565078089082, 0.31587642965226315, -1.0425728777311774e-05, 1.7281167095440689e-06
247.63710784365554, 0.41652983153443252, -3.322035802167465e-06, 1.103799568022743e-05
247.69886982293283, 0.25264047209244622, -3.8212503290068685e-06, 1.8361264453568274e-06
247.90635598985187, 0.1641557186184022, 2.1743617589052883e-06, 4.1179671252815456e-06
247.75402807360175, 0.1750492290997179, 5.5013593788440397e-06, 2.7222405806954092e-06
247.81054441176713, 0.28328974945831692, 8.9101007077487701e-06, 7.0540853603488566e-06
247.6950271081958, 0.059542620554501248, -2.6645998074521738e-06, 1.7020981625077364e-06
247.88010749761361, 0.28742010894450065, -6.6345048667456086e-06, -1.5531078615066109e-06
247.83954629383598, 0.18965725129218536, -5.3608052869327259e-06, -1.3837522228108851e-06
247.58093541211937, 0.19912109619921728, -5.6239780667655464e-06, 8.7681066319370865e-07
247.81267088588743, 0.38712352165878749, -7.3719628259014887e-06, -6.054750740529795e-06
247.70582309996166, 0.38461716135124874, -6.5728640829250245e-06, -2.8265313824353416e-06
247.68744506261078, 0.22007457951810641, -2.3887691343418768e-06, 1.8866810839547135e-06
247.82297772729368, 0.51621104893236291, 7.8452401859522872e-06, 1.2089423031751145e-05
247.69701180809994, 0.22497266487395939, 8.9835017967573294e-06, -3.7630534686480444e-06
247.67530469820193, 0.075293761158134576, -7.3725449098690646e-06, -5.0155344353029565e-07
247.90783509692136, 0.23122448169565701, 3.5182599145594635e-06, 4.2892398524610575e-06
247.75750002583507, 0.31052523283044675, 3.2557289123711341e-06, -7.3114062005114102e-06
247.66915049490524, 0.36181882896127304, 7.1490172584928819e-06, -3.7326331391249472e-06
247.80342574006957, 0.199694945293594, 5.9570011126226731e-06, 3.2308020588801626e-06
247.4781064606525, 0.35508837098219059, 5.4912814024680157e-06, -1.2069768460979364e-06
247.80181079425384, 0.20263476375339259, -1.0945045274562563e-06, 4.0354638284716841e-06
247.92014893718624, 0.13967782575298349, -2.8994847533196588e-06, 2.1972351985736542e-06
247.81319624554183, 0.43084730786353642, -4.2271733192307871e-06, 3.5089475693782541e-06
247.6834111365192, 0.12555554340660155, 3.9712850010828361e-06, 3.7963993828586338e-06
247.63357886381698, 0.16927989124448731, 5.8272827503357958e-07, -4.0101690129733357e-06
248.04277344348594, 0.40332949856631128, -9.856079980011951e-06, -6.8883536810316079e-06
247.79327554400513, 0.1379443719170631, 2.370098726365506e-06, -5.5111967542863248e-06
247.75654137741657, 0.44493261092222025, 7.490107906661139e-06, 6.0066256296599411e-06
247.6877043175013, 0.59556635648253642, 4.9921078304945951e-06, 4.8820292061501225e-06
247.94487168464576, 0.2099116198364441, -7.2589959445216825e-06, 3.8544574289692279e-06
248.02046072413162, 0.33165784160918627, 6.3653928405633086e-06, -4.9961230301605762e-08
247.81532856884931, 0.16168559739589725, 2.4156172515648424e-06, 2.5010404343902927e-06
247.71790270913587, 0.25588642630112723, 5.7847754785074679e-06, -3.6367472900049417e-06
247.62810690462655, 0.25867062874737523, -6.7823385644962325e-06, 8.4206207360084595e-06
247.86140637111981, 0.27216298224319274, 7.0437872060253557e-06, -5.5285908881660725e-06
247.86549854248995, 0.48919946799276753, 1.1820870611479587e-06, 2.4915367644376985e-06
247.85250283622688, 0.15505381023711423, 2.4837001011950764e-07, -2.759063834107194e-06
247.62989244309037, 0.31489717283312207, -4.7436264029709459e-06, 7.6583368377711902e-06
247.7062081094659, 0.17715412349658838, 2.4543663102354287e-06, -8.6870918194115135e-06
247.72612881132943, 0.71068054275085935, 7.3878105347865058e-06, 2.0740643769970141e-05
247.75381249005474, 0.31851869890656365, 6.1727522948054228e-06, -7.7248120450303455e-06
247.85108859892387, 0.29335782906803287, -6.8218896968869434e-07, -5.3549724352445558e-06
247.82607397608732, 0.043073299019370397, 7.5274503723184997e-07, -5.4016013598360605e-07
247.85489713515608, 0.077255692031412165, -1.4119197722168954e-06, -2.1663907764064934e-06
247.96280839690257, 0.4560173437564895, -1.9599339039218527e-05, 4.247315778257173e-06
247.78463706013926, 0.049943153094651124, -1.7549189961149e-06, 1.0776114986074508e-06
247.84407074587969, 0.29187932333934524, 1.9269881112498439e-06, 6.0142580601201843e-07
247.83693954668118, 0.080005246981156283, 2.0292590902427319e-06, -4.1931540957032711e-06
247.75464189705895, 0.28077119544525303, 4.1790807863054789e-06, 1.0251355100813662e-05
247.96903137608922, 0.28460950551861197, 2.3579975067485016e-06, 8.1435481339398043e-06
247.98417862671423, 0.17278307675674578, 1.8162932807473914e-06, 2.6841104698744638e-07
247.42543466431437, 1.4310373050793217, -2.7249084016453214e-05, 2.8573203026671595e-06
247.6542794690848, 0.25345135354105347, -2.0990258851378609e-06, 4.7835341285679366e-06
247.61311035527854, 0.62342861225939195, 2.0192218762120803e-06, 1.6120349274777454e-05
247.74245978405935, 0.57821370178893594, 1.2996105923348723e-05, 6.0882497598050068e-06
247.5296583264992, 0.87517945334865221, 2.4666284090509635e-05, 1.2336333853731219e-05
247.90303600547816, 0.29666836360239279, -3.9452498815633759e-06, -5.5271321759972707e-06
247.8253784444554, 0.26796715234958302, -5.141760812189506e-06, 1.0636142209801977e-05
247.94755072003937, 0.19882892821661297, -2.6768048839785843e-06, 7.9287332828645769e-06
247.50819662066459, 0.17756495939810835, -4.0366047219591125e-06, -2.0342961266423016e-06
247.92256654726557, 0.28407207748842905, -2.693800337159267e-06, -2.2839919850110382e-06
247.80060622079176, 0.64242953548185167, -1.3073378755454339e-05, -5.8989500921360678e-06
247.37141883249174, 1.3535735992633529, -5.7314508845098416e-05, -1.9976968878137909e-06
247.63617192815576, 0.66603579943752045, -1.0132450855518335e-05, -7.1855754339318544e-06
247.70658848819568, 0.068255892820670669, 4.8240624855378611e-06, 1.8527408639610344e-06
247.63150190360562, 0.26616284856478339, 2.8447364987765849e-06, -8.9681728921690884e-06
247.82417889685468, 0.054502464934779296, 4.7172046895601148e-06, -2.2115624150035244e-06
247.85684913723955, 0.4969776284747181, 5.0120579489973044e-06, -1.3151213074318197e-06
247.99961957109988, 0.24475485011433151, -3.6776446593990314e-06, -4.8225585172352365e-07
247.46825209368686, 0.35524968204457391, 1.2050951688352961e-07, -7.0921968167013661e-06
247.9641804643575, 0.3553081698094438, 7.6116889035640549e-06, 3.164639723760511e-06
247.91169788596164, 0.20979399207112373, -1.4783158020672767e-06, 4.3747600905787563e-06
247.6575900646676, 0.15138364580880284, 8.2764024434982911e-08, -6.5147587180215267e-06
247.58212300048439, 1.2947059648059596, 9.7257911903737911e-07, 1.2037332565367033e-05
247.88138755117302, 0.3108805961715212, -9.4083251949883018e-06, 6.1575471255256183e-06
247.61897554215352, 0.20852666355417226, 3.817967556679429e-06, -6.3066015944952284e-06
247.71742009653926, 0.42364807352359879, -1.5235607262395381e-07, -9.4226635710563765e-06
247.94696413637703, 0.070018898358433904, 2.3889985426490647e-06, 1.6142808998415304e-06
247.81310059662582, 0.075169718465064261, -3.5389354488221179e-06, -6.6223360012609208e-07
246.93429438011322, 2.0086510294517117, 2.0211772798164003e-05, 4.0534993672590433e-05
247.53495092823042, 0.62367825098259844, -1.3894260153981526e-05, 1.1792122917409032e-05
247.87263451901163, 0.37832459389214879, 7.8441758085961542e-06, 8.4133946100058525e-06
247.7690230035841, 0.22437847392310376, -2.4251122191270577e-06, -1.8206630448353058e-06
247.4484908913617, 0.438384867305743, 1.3431687737007074e-05, -7.4079684535765227e-06
247.75606550621771, 0.10664195635246067, -4.6159379009515212e-06, -1.5896117771832131e-06
247.74001444514519, 0.070574368914664523, 3.5897311677032099e-06, -4.0737407750838222e-06
247.5161100206891, 1.0384334818418508, -5.1757681735566914e-06, 2.8393422346607429e-05
247.99494683643078, 0.26074140650925215, -2.275882486882155e-06, -3.3082366388129141e-06
247.65787156203197, 0.22163280972947272, -2.5803611065085701e-06, 4.6143922346286499e-06
247.94275225637742, 0.50902763728929101, 1.3989812010953372e-05, -2.513841568860527e-06
247.46605135028602, 0.13143121602525487, -9.9134671920835476e-07, -9.0096681989144897e-07
247.70196559809446, 0.17111946359447813, -1.1346094210669506e-06, -5.0827895696573357e-07
247.85539271826079, 0.35899037118792215, -5.1754250348412354e-06, 1.2794957315876193e-05
247.89649149056737, 0.21953740727127111, 5.4644683531598419e-07, 6.8535216896512994e-07
247.31536620231313, 1.6050154618422545, 3.6115377123395347e-05, -3.9786067025105545e-06
247.47726097194214, 0.39089271355589306, -2.8129972596252792e-06, 9.8244324773301839e-06
247.70100778025156, 0.18276740037061776, -2.8343209801527071e-07, 2.6188583374753134e-06
247.54535966490809, 0.66991578699947729, -9.0768271981032371e-06, 2.342628301555761e-05
247.79217728835479, 0.2650047012974161, 4.0365337788200343e-06, -5.7898004024566562e-06
247.71502953730715, 0.1947512625810969, -5.5483934633948167e-07, 2.1744795945160137e-06
247.8888956702082, 0.26952163196528578, 2.6425231466246597e-06, 1.42770860926622e-06
247.66703479236327, 0.29048709558752639, 5.3936102718194434e-06, -1.1413494967781242e-07
247.75258233662043, 0.28232917269230262, -3.9159221215015953e-06, 2.5346453777368086e-06
247.81808748397873, 0.085213526940597195, -2.204123401803943e-06, -2.4419527253196995e-06
247.69120615379336, 0.29990651995401729, 2.5602043554440976e-06, 4.6209840767058162e-06
247.44687153992987, 0.20289824147741631, 2.343426128157545e-07, -6.3883465110772428e-06
247.87063197899161, 0.07439974926005051, -1.1251891004131891e-07, 5.3119463405105799e-07
247.71075078098346, 0.65494240025146055, 1.3509935677234805e-05, 1.2465511561641658e-05
247.82990490141478, 0.12783409557756409, 1.9678298411542076e-06, -1.0439909555122023e-06
247.70552668643845, 0.2484001255596878, -5.5571068799050655e-06, 4.9018286512511428e-06
247.56711373998505, 0.047836162706403826, -5.0605482046781549e-06, 8.2336252126440549e-07
247.87596620528956, 0.096549429536532963, -1.3335659594084595e-06, -3.7905890145165384e-06
247.80698985774723, 0.33999482785257257, 6.7991422518039579e-08, -8.2826187951091044e-06
247.68295803014948, 0.3799443947777878, 7.2261896666338423e-06, 8.106395322270526e-06
247.60680752012422, 0.16307757117875624, 8.5769446954410677e-07, 7.7034305020947209e-06
247.892556389829, 0.32833471285969884, -1.956705068456577e-06, 4.3003599051411954e-06
247.90194576819678, 0.26478439306007556, 6.6252939252491494e-06, -5.043550052891193e-06
247.6319828156239, 0.67372473176976644, -3.3584909054245103e-07, -3.3312314588991525e-06
247.45212563376171, 0.29645012654537201, -8.8987987965547792e-06, 1.688502415290265e-06
247.56373288487939, 0.20810857684308695, -4.5507894638559117e-06, 2.708066019283801e-06
247.82565690210265, 0.43494369817474277, -3.8962793440993433e-06, 6.1038144766313829e-06
247.81951401388693, 1.296262413411255, 4.3591498234809422e-06, -3.7989929946625089e-05
247.79249649545736, 0.18810070115615163, 4.1578281375689759e-06, -9.1336677032399565e-06
247.77269598675346, 0.17020803860706341, -2.4236005065795509e-06, 4.5298332338217761e-06
247.85819282252913, 0.12365848507863519, 1.0740651685324287e-06, 1.686209105448711e-06
247.93779426472486, 0.130956125866838, -5.9646432129575657e-06, -1.2981972769962441e-06
247.79311943578759, 0.21930998524910358, -2.9004246763121035e-07, 2.6235979041100238e-06
247.76332965935742, 0.21463652488273693, 5.4997855012998624e-06, -2.681060135885952e-06
247.65740165225992, 0.21283339739774329, -4.0104538029054705e-06, -6.2933589500458915e-06
247.73451921567317, 0.17182039746446343, -1.7810700762764231e-06, -3.4826502654734953e-06
247.69121784458017, 0.48375862923334234, -4.6164406276328069e-06, -5.6973256000783194e-06
247.72393910655018, 0.76606284832885863, 2.4427824197951141e-06, -1.2406872296502292e-05
247.79720696682105, 0.20179222694073712, 1.3144339107066377e-06, -4.8731294694033309e-06
247.6969017017299, 0.36895876004688427, -3.8604469146739325e-06, 4.032106800501286e-06
247.92782824764663, 0.47540372429936245, -1.0330090150531543e-05, -5.6302597759703012e-06
247.77955192732034, 0.035791480005792672, -5.1894055392374222e-07, 1.3539815375401162e-06
247.4418992527489, 0.11414877281615983, -1.0293024104422254e-05, -7.6076073104009315e-06
247.77770683069505, 0.018870650143299007, -2.6239962446166172e-06, -3.2307371703103954e-06
247.74916284072253, 0.17448308430439718, -5.503081234209629e-06, 3.0346161817463138e-06
247.58712522287499, 0.33271027608453413, -8.3275261754086486e-06, -3.4043213187938094e-06
248.0276076901828, 0.40124234292873207, -6.7005432342898839e-06, -1.1917610177599475e-05
247.8207451765947, 0.21102303404836695, 4.4735244311594908e-07, 2.6098152193007774e-06
247.7028387168229, 0.34814959050626493, 1.1750650413399877e-05, 8.5982705427430463e-07
247.94243953199179, 0.39910005323905134, 2.9018721969558691e-06, 7.3678171184557178e-06
247.9606882959072, 0.1229488844653224, 2.9020138863052339e-06, 4.3432992942871397e-06
247.89189924406904, 0.041928327134777489, 2.0897525365614893e-06, 1.974337856841296e-06
247.91264485135531, 0.2210458307619125, 4.1511547432279237e-07, -5.1828015845264771e-06
247.66838086233628, 0.080675493682511076, -3.387230617983957e-06, 1.3740871548364756e-06
247.77804384879886, 0.17954212954503124, 6.1923113130512242e-06, -1.0181493409248135e-06
248.03929473903816, 0.27130181639193246, -3.9222208579039926e-06, 5.6652156965726601e-06
247.69072122974467, 0.25998991143734862, 2.4941002885042567e-06, -1.2049689418698497e-06
247.55312802686532, 0.60381845608342921, -1.2588547815906048e-05, 1.5981995079299106e-05
247.60645056225695, 0.62446725359086164, -1.3704174296944671e-05, -5.0179588412102583e-06
247.76414901608774, 0.36444687347149479, 1.0440465210651411e-05, 1.0426457116051994e-06
247.64973555551165, 0.23128618154221856, -1.8181665371109739e-06, 1.8247018515669324e-06
247.8256974341202, 0.38362745811350446, 9.5184987447429683e-06, 3.4437430082048116e-06
247.60828616999717, 0.95866697003901569, -1.4112016388642016e-06, -3.8207781060656726e-05
247.59502939347445, 0.72227179730003799, -1.3959267463024999e-05, -6.7372637632976489e-06
247.7159480367504, 0.29042806902668228, 1.0391502288316599e-05, -1.0840560560323695e-06
247.67959335247858, 0.42085202457827586, 4.0571339595981015e-06, -6.4452565729480716e-06
247.75832830656631, 0.37550973550999445, 6.3695170067096957e-06, 6.3213659438071072e-06
247.88309577550243, 0.5574722138504089, 8.157689079116892e-06, 4.2181374385100054e-08
247.47285016398959, 0.18619779822218277, 5.3519301094243807e-06, -2.8421645935370162e-06
247.70528024336056, 0.4898861930839884, -4.9875249612346479e-06, -1.9417321090013204e-05
247.82078252860433, 0.21505816101115149, 1.2929973824577605e-06, 2.7362123442977152e-06
247.62906507864855, 0.19224891011169087, -9.447893685086984e-06, 1.0517642257011498e-05
247.71663657961443, 0.4518134937851816, 7.4194481261257708e-06, -8.9296819037239526e-06
247.89412328912186, 0.15399796385323083, -3.0331024633577634e-06, 5.8830830620667693e-06
248.00502370916956, 0.50521803538711374, -2.0917766173589796e-05, -4.8911262839479639e-06
247.83278454223333, 0.18620184020959757, 4.0943488951618925e-06, 9.3520901729718178e-07
247.69665506849435, 0.13170779692752346, 1.4120315326875511e-07, -3.1140961430680257e-06
247.77800701300154, 0.50441779738926307, 4.7302493836822335e-06, -8.0117606740626673e-06
247.92630970331354, 0.50894307318247367, 6.9508938396244361e-06, -6.44074474666329e-07
247.69201622180501, 0.28519334984850608, 6.4871182996398975e-06, 6.4371075333704548e-06
247.88161245463169, 0.27513462429330932, -4.1269973372252265e-06, 4.2718292716774166e-06
247.72866781470026, 0.30459068196953498, 2.376840588364046e-06, 8.6712118371202826e-06
247.91803075907458, 0.060991181882850888, -1.6563764028836365e-06, 7.3885800682486838e-06
247.94236475323854, 0.31296990136670749, 1.5931573653403073e-07, 5.8300994322742379e-06
247.6648036847578, 0.32975664469593063, -3.7161093020732924e-06, 6.2776453038860926e-06
247.8418624354305, 0.51957557953047029, -4.1125655563520212e-06, 3.6579928417501215e-06
247.60512830103181, 0.73990889997364206, 2.1043854720907195e-05, 2.2813127091832021e-06
247.84606530733663, 0.30441901160673451, -7.0190424047512997e-06, -4.391102852883846e-08
247.59276401236613, 0.19742587637193854, -1.5714654491419613e-06, -4.2080665618325577e-06
247.83285273336341, 0.19424153664222854, -3.2612777167908307e-06, -4.6262133845989829e-06
247.71174233619146, 0.24300658357929444, -6.0662873426487314e-06, -1.9182748877071238e-06
247.6800256630674, 0.13759142680432593, 9.1868365912088532e-08, 4.7102801522750326e-07
247.51444980539711, 0.43642642970637824, 1.3104008611657076e-05, -7.6211226752486973e-06
247.70165768811773, 0.15511836590765754, 2.7457478047648614e-06, 3.4653997270124246e-06
247.65015235363347, 0.21504303086934096, -1.4896022804773354e-06, 2.6537424073241166e-06
247.64022745839284, 0.94228001424984176, 1.5983135477259046e-05, 1.5450454957625985e-05
247.65833520267043, 0.30451995728611553, 2.4408201495804176e-06, -7.0466363074373571e-06
247.75035508197149, 0.27654185999353803, -6.2215069853637921e-06, -3.7327253774958106e-06
247.70486969556396, 0.47518334699087761, 3.6260048112950136e-07, 8.2433253188288675e-06
247.84644287143831, 0.17856888567861445, 5.2956625179134194e-06, -1.0365882986481512e-06
247.96577505241245, 0.20112807066645025, 4.4184346756675615e-06, -6.4005172562731434e-06
247.60277526237402, 0.18690536815370032, -2.1531840890134333e-06, -5.3837006387922636e-06
247.62394435471745, 0.2683278435440834, -7.3121417248810015e-06, -3.085214952352836e-06
247.92755444046907, 0.1812023864685382, -3.0334426806476501e-06, 4.0887288434802474e-06
247.93254596412066, 0.34588818810617189, 1.1704536962700754e-05, -1.5379367264241307e-06
247.47999232585008, 0.25188415742251014, 5.4212739251167875e-07, -1.8705350022532976e-06
247.84143129180947, 0.18558368607687156, 8.2998023086251925e-06, -1.6420983176705893e-06
247.74739553249299, 0.29877728634873357, 5.0444177153711244e-06, 5.1334631102630591e-06
247.84506431747863, 0.12572636025528242, -7.7416638348568278e-06, -1.7368607674534289e-06
247.6249205185797, 1.4130615134785141, -1.3024148882189066e-05, 1.6773076888097048e-05
247.72021632438978, 0.099765873911374509, -1.8363164002372358e-06, 1.2537363883808318e-06
247.5894307047736, 0.3213660689787679, -5.703259264261057e-06, -3.1346872234070435e-06
247.9840812339128, 0.042826409775251824, -5.1364662515691061e-07, 4.1529953112185501e-06
247.81734001178282, 0.1212826931376137, 2.0880117896026983e-06, -6.8749337446339081e-06
248.00217362027908, 0.093252643594770285, -8.162306659569619e-06, 2.1258602396130817e-06
247.74834577249032, 0.34233864793997509, 2.4575605583181929e-06, 2.2578120002606385e-06
247.63544188704097, 0.089328612970080448, 9.9475642020113123e-07, -5.3279030324979762e-07
247.68561433785598, 0.11000085547860575, -1.4946527713917671e-06, -3.2319932870132773e-06
247.55719083414274, 0.23580463194481782, 6.1760007532904403e-06, 8.717710991616908e-07
247.62041426200022, 0.58207809160223112, -9.7162639257713386e-06, 1.5906590011482037e-05
247.67019179102792, 0.2372789665293519, -2.5953521063257268e-06, 2.1299648927493883e-06
247.66743733342108, 0.39008727623923939, -3.4047088259786821e-06, 7.6203993545308905e-06
247.86806774062913, 0.33511533035064173, -1.1231582176418039e-05, 7.9317477071937412e-06
247.7791343977236, 0.062579136017200096, 9.5085378563830543e-07, -2.734469146982328e-07
247.37621668532586, 1.1522227262030469, -1.9952703392467269e-05, 4.0367394117862913e-05
247.91722699551346, 0.28602990405094142, 1.957699153362983e-06, -3.4065552951884274e-06
247.77460410013236, 0.13316742751045801, 2.1459678163997466e-06, 3.5046322902606561e-06
247.62744706562398, 0.38460009015710378, -1.2060200095859927e-06, 7.6653045788453385e-06
247.87773539096426, 0.45107234641198474, -3.7834398127408672e-06, 8.9727797923755992e-06
247.81313620380288, 0.36104109834610432, -2.793466457638622e-06, 8.5230008984611485e-07
247.87888942079718, 0.14056780840622463, 7.4405164843327582e-07, -5.1741555910738832e-06
247.71419531508815, 0.18119198276883783, 5.1615333189426583e-06, 1.8139156508693037e-06
247.6484065038135, 0.16081888320613638, 7.2505365211597454e-06, -5.2966480826475202e-06
247.57919007883004, 0.30527291355794994, 4.7714750822928252e-06, 5.3037343129896704e-06
247.63888880742249, 0.10815475601375617, -5.1228807171835126e-07, 2.3519701291084817e-06
247.83129518255274, 0.21950391308194811, -4.2147548940456431e-06, 2.3364755106833255e-06
247.55715857690103, 0.52336820699163045, 1.255916810494338e-05, 6.7194775275295609e-06
247.5850179233027, 0.29219020914793414, -5.6728177716840794e-06, 6.4955144200572477e-06
247.85737863069266, 0.37816455804946536, -3.2984253299937673e-06, -7.9333179165682135e-06
247.66088325384996, 0.53719030944709689, -2.0668080058722707e-06, -8.3308530633317589e-06
247.76602720850704, 0.4414699689612307, -2.5889830848513221e-06, -6.926933456894061e-06
247.86832844724705, 0.19489520871406282, -4.2103661638474138e-06, -4.7809769222208515e-06
247.87981819231072, 0.10381420465622006, -3.2860887389204379e-08, -2.2366948600480349e-06
247.67105236044577, 0.48462294137997708, 6.2463928429200642e-06, 2.5232520504669226e-06
247.63235941463523, 0.29923221556917518, -6.3953603906390731e-06, -9.3334959698409415e-07
247.63155583154514, 0.092960961710029238, -2.8958430812122891e-06, -6.4380766620711504e-06
247.63439142584551, 0.34695311976937288, -5.8777286158725903e-06, 1.0230411191389903e-05
247.64909540947627, 0.42793345745497258, -3.7025485323128736e-06, 9.6148786038701744e-06
247.62459834593406, 0.513078243505525, -5.8712266893687977e-06, 6.7258610601435848e-06
247.98730772541788, 0.31202275320009842, -5.2851254324853998e-07, 8.8282301092000483e-06
247.6305053020979, 0.19738157390789071, -2.260929201929092e-06, 2.6695390926647112e-06
247.61190571411711, 0.39551277232336729, 2.2505125743435309e-05, 1.8280867092519892e-06
247.65743909389241, 0.092957963149637265, -3.474739778120457e-06, 2.7202530880849329e-06
247.77454558872407, 0.18744959502495173, -2.9775657511322193e-06, -5.0766317109903669e-06
247.89161799083192, 0.1059847233897705, 5.2173225200695892e-07, 3.0920140226819361e-06
247.95676784181001, 0.27509279442586498, 6.8787967812490787e-06, -3.2457182564905721e-06
247.77058204844471, 0.20248960147207257, -3.6554843836649706e-06, 4.5114019977622235e-07
247.85392163336812, 0.36382717989265206, 1.1811263640372043e-05, -1.38371648894701e-06
247.69047163892753, 0.63058003845077992, -8.594788563838735e-06, 1.3102633500488451e-05
247.94939843409406, 0.16240141294953478, -1.8177273345839491e-07, -7.105644590931729e-06
247.81473927558079, 0.1162265071864506, -1.9648385452239172e-07, 6.1763347628490177e-06
247.45022982611741, 0.17255067811168914, -3.5265990715061902e-06, -3.4067730486694777e-06
247.76535997963569, 0.11836801640318248, -1.4687736374825839e-07, 7.5586637515370624e-07
247.94261022502309, 0.49239975315163903, -6.0139977081557339e-07, -8.2474467386189362e-06
247.9804823116724, 0.32892750165570273, 8.4986593458597459e-06, 3.6019564550985371e-06
247.62311948159288, 0.097120830486698326, -2.9600641399972829e-06, 9.5056836834003775e-07
247.59130160520908, 0.6977413023552167, -1.0965701625917212e-05, 1.0283283997790499e-05
247.99859926501153, 0.21579773006048997, 6.6474659291520177e-06, -8.941983309787556e-07
247.59952752084547, 0.044545161526501106, -1.9703469182844524e-07, 2.8255728650492268e-06
247.86530580455846, 0.20671374808900403, 7.1848021807464246e-07, 1.6808776363843764e-06
247.76878471075514, 0.25832723966143178, -4.960627825925215e-06, 9.7046820908954096e-07
247.56250980644529, 0.70750366596454106, -1.1173908937183958e-05, 1.3939457539526076e-05
248.20238608563631, 0.29406427592712492, -3.2572112551824151e-06, 7.4260257754464954e-06
247.91813458433197, 0.52735027823217717, 4.1942675661759393e-07, -1.3501684376016492e-05
247.69620568757537, 0.20357548200843525, -2.3710821731366108e-06, 4.3346647386055862e-06
248.08928089000747, 0.15217974859671465, -2.8461142342976689e-06, -2.85095287179122e-06
247.98924406487779, 0.083009171443202343, 1.4060699885685884e-06, 3.7632028603743882e-06
247.87443005958298, 0.51761531429412899, -9.6087073520018063e-06, -3.3240992335471038e-06
247.63940067969145, 0.36694582875397436, 4.5616268005645258e-06, -9.6968324532358232e-06
247.95535949144104, 0.093286874926510818, 1.8397626173472583e-06, -1.8022009519730514e-06
248.01893660783233, 0.38298870280449754, -5.3451064223156439e-06, 3.1052297598022181e-06
247.86942208153968, 0.52396838474646923, -6.0571487631535992e-06, 1.3580523186348683e-05
247.76838862384469, 0.34144241483581611, -1.9356051470486069e-06, 1.1151200868135852e-05
247.82885698342491, 0.49840987140960985, -8.8401664856654096e-06, 5.0075185082495479e-07
247.92375086256996, 0.18837944938936146, -4.4319832218061535e-06, 4.6522788650982431e-08
247.65956175210746, 0.6472586036887058, 5.4518014563668909e-06, -5.8921620692340035e-06
247.94387590382587, 0.14696121388846062, 5.9687687565592519e-07, -4.0013688734188989e-06
247.8006607000367, 0.39228102591549152, -5.5246040911996204e-06, 8.5951911918095376e-06
247.566633601776, 0.13057429798032491, 2.7691741880370781e-06, 2.9738726719518183e-07
247.79006691687081, 0.174573183904803, 2.1549746257938624e-06, -9.8574030817127565e-06
247.92040310508258, 0.22999588504700741, 6.0468742703509695e-06, -6.3489442760076839e-06
247.91370864720824, 0.2839530135756318, 4.9220113224403384e-06, -6.3500585053937131e-07
247.46503048160841, 0.2464884795243158, 1.0976482840459783e-05, -4.6211237878921024e-06
247.85208505337448, 0.26959457229640288, -2.0991227243317225e-06, 9.3885117666969697e-06
247.78752470726042, 0.1550094000794785, -2.1171047528895149e-06, -5.0589859817104633e-06
247.75716592562361, 0.16403298864015378, -5.3242080256001199e-06, 4.9344568395719352e-07
247.95817213591718, 0.35436453387635464, -7.053561008049408e-06, 5.289336868664148e-07
247.84303006332038, 0.26242260882097607, 3.2378524568026902e-06, -9.2214951092134969e-06
247.94390980485935, 0.33824177879739792, 7.6028721714218779e-06, 3.2946484150455714e-06
247.85237505486381, 0.26100410655387374, 3.2676746118027153e-06, -8.8521062747853664e-06
247.77363341806529, 0.163661022874627, -7.6260790896198794e-06, 3.4811078626246232e-06
247.57742810823063, 0.17584162801431596, -9.2145027968608381e-07, -3.3697095815758812e-06
247.67888118194932, 0.60098353253483039, 3.5751444368960917e-08, -1.1738691168737042e-05
247.76010708011069, 0.17601512488098436, 2.8522795026295879e-06, 2.0969847157527227e-06
247.89670872859796, 0.39947931648137508, 2.9332079145745719e-06, 6.1823945740509527e-06
247.79746096258967, 0.28127173583230181, -7.3674068975963839e-07, -7.3136443418215792e-06
247.8044728582307, 0.1940589799985723, 3.3687512532761716e-06, 5.6261223104769668e-06
247.84828123824346, 0.16400574394883913, -3.8108358421435211e-06, 5.5970106899182494e-07
247.73257900688972, 0.2601175714431545, -2.2202703289642425e-06, -4.6459789923637186e-06
247.85315912535606, 0.37714849775516834, -3.9489351294574735e-06, 5.7746362795136388e-06
247.53817745182107, 0.24842818069725592, -6.6777056420235699e-06, -2.0061376209581144e-06
247.87487237621528, 0.12746188080078721, 3.5919263949684828e-06, 2.6634832267009802e-06
247.83865799078308, 0.26942702294343684, 5.435842312336072e-06, 3.61451481635385e-06
247.58443028833784, 0.097600211887275717, 4.0265567673508454e-06, 4.83691120434986e-06
247.81719084273357, 0.32425038715749965, 7.6540087974530359e-06, -6.2394669068980804e-06
247.78040102302469, 0.93229252387600448, 7.1821964691177065e-06, -6.8938470140285404e-06
247.79895587821125, 0.071497590381126686, -6.5825205938860284e-06, 3.4126648797511125e-06
247.57601780412207, 0.29955301388954791, 3.5659198748322496e-06, -3.4454169271534512e-06
247.87884561333394, 0.30374086625878455, -1.1645392430994541e-06, 7.8631719255740724e-06
247.74925059386248, 0.16156638619472255, 4.7270526710338144e-06, 1.6788753686163636e-06
247.53172080144992, 0.083811078468352077, -4.9434406989202047e-06, 2.0850540275682823e-07
247.77754135913392, 0.17867716317919893, 6.0199292487400764e-06, -4.7537427074465879e-06
247.8299191315358, 0.18957838670700056, -2.3788224700086109e-06, 2.8994793419634753e-06
247.62794346334221, 0.42053765321243619, -1.0727685487464315e-05, 1.0918092613519016e-05
247.62791627475457, 0.091330864100619441, -1.3620451448933099e-07, -3.6198126503252492e-06
247.66617664813404, 0.2986638017091674, 2.3953192327721909e-06, 3.5319862419082397e-06
247.80131483170103, 0.25309037779300436, 1.7874265080041831e-06, 1.800382483156475e-06
247.79421732116478, 0.3340268677982709, 1.1277845109347868e-05, -1.2164185735551922e-06
247.96705764930806, 0.092197716597745311, -5.0853957176665218e-06, -4.0875492219860471e-06
247.89027917840338, 0.36647136955331794, -7.4584157606673273e-06, -5.5595718425591879e-07
247.69714823419432, 0.042959886744440727, -1.6838947391359782e-06, -3.8510439335950043e-06
247.83324573399341, 0.28140197741418777, -1.737255748964493e-06, -2.9729791988627588e-06
247.81758033379668, 0.58546387192775828, 1.4633164446211438e-05, 1.311976181531075e-05
247.85692516931121, 0.10728340761117727, 5.1113411208324603e-06, 3.1106358142060116e-06
247.59608071446652, 0.26431062493179491, -6.6678650288809565e-06, -4.4961821320076888e-06
247.88537092027161, 0.34618144754739355, 9.7869058344766848e-06, -7.0971740288807201e-06
247.73590994569918, 0.23033041922718792, 3.5690738142022748e-06, 1.0130224298212974e-06
247.94087551522017, 0.14422781266088719, 2.878968199430575e-06, 4.7061717934330824e-06
247.78735462014671, 0.24545603673352609, 6.7351607855560194e-06, -6.9178811641846813e-06
247.72713173370619, 0.20949537349513478, 8.6869643117704474e-06, 7.9086015765939428e-08
247.75272391925486, 0.089002131287243089, -3.2196811106486969e-06, 2.8314803085973489e-06
247.60100253123724, 0.4610586273924695, 8.2719098123364916e-07, -1.3479818252783432e-05
247.75974676797131, 0.20831310499511871, -6.158127295132049e-06, 3.7141877749242822e-06
247.67831418955984, 0.10938544713041033, 5.211578897678106e-07, 2.079801472487512e-07
247.87225240144977, 0.21762395180837704, -6.1521348520251102e-07, -6.8184730140998209e-06
247.62307466375438, 0.21316016584677303, 4.8027524481417199e-06, -1.9049440446793996e-07
247.69955873901264, 0.098741842828648022, -8.5586539150060958e-06, -2.6010026922956291e-06
247.55286883016058, 0.75473937890935139, -1.3507396317226068e-05, -5.0523403292712487e-06
247.8442303785952, 0.092225708537713891, 6.4511299120238442e-07, -1.7742391342171369e-06
247.5208220936882, 0.42513886240030635, 2.404217192391481e-05, -8.2646754358756048e-06
247.73712579883036, 0.03011823322568289, 4.3244950808520573e-06, 2.2166339541783841e-06
247.76689814964024, 0.24599598314715557, 6.3912183655963293e-06, -5.064443760446231e-06
247.63167534369526, 0.16880394598069395, -1.5633448653458187e-06, 5.233655321685001e-06
247.68220444873373, 0.43251277435013513, 8.1062240248754428e-06, 2.8039713901279976e-06
247.46699634616314, 0.39327588720100615, -1.7066153185477617e-05, -1.2249548536469656e-06
247.82026220166622, 0.15018256668606875, -2.2225257550134973e-06, -1.867744955902638e-06
247.8507967847323, 0.24062325788962613, 6.266069855599555e-06, 1.8825239765084107e-06
247.68780052977144, 0.56135624249593552, -3.859591616776277e-07, -1.5380974329132452e-05
247.9887809247993, 0.085712710248210727, -1.7336301173207281e-06, -8.7384555917719162e-06
247.57768513455829, 0.15130722257969875, 4.1784412518808604e-06, -6.5782908124088021e-06
247.86416529259765, 0.067524135559487372, -9.6272803980156239e-07, 1.5567878599266707e-06
247.61304306546708, 0.063793659483889043, 2.5216245362740183e-06, -1.8813531279132078e-06
247.92334624701962, 0.21507497996842262, 3.3031444334725312e-06, 2.9354836556514592e-06
247.75036171434363, 0.74130171810756473, 7.8301652135741934e-06, -5.264116754013188e-06
247.76192982696958, 0.34485767363375863, 7.5850773694257907e-06, -2.9787068165020344e-06
247.62046021706797, 0.052842596855255768, 2.1039525106552621e-07, -1.0545827865028867e-06
247.87238813562192, 0.15369834210165556, 3.4138714613470291e-06, -3.1505978684750485e-06
247.64539676787598, 0.43301201430168906, -1.7132413457032023e-05, -2.6470492341188526e-06
247.69499459284032, 0.45158463040437807, 7.6401889302459661e-06, -5.3569533474619294e-06
